[0,0.000628329]
[0.000628319,0.00125665]
[0.00125664,0.00188497]
[0.00188496,0.00251328]
[0.00251327,0.0031416]
[0.00314159,0.00376992]
[0.00376991,0.00439824]
[0.00439823,0.00502656]
[0.00502655,0.00565488]
[0.00565487,0.0062832]
[0.00628319,0.00691151]
[0.0069115,0.00753983]
[0.00753982,0.00816815]
[0.00816814,0.00879647]
[0.00879646,0.00942479]
[0.00942478,0.0100531]
[0.0100531,0.0106814]
[0.0106814,0.0113097]
[0.0113097,0.0119381]
[0.0119381,0.0125664]
[0.0125664,0.0131947]
[0.0131947,0.013823]
[0.013823,0.0144513]
[0.0144513,0.0150797]
[0.0150796,0.015708]
[0.015708,0.0163363]
[0.0163363,0.0169646]
[0.0169646,0.0175929]
[0.0175929,0.0182212]
[0.0182212,0.0188496]
[0.0188496,0.0194779]
[0.0194779,0.0201062]
[0.0201062,0.0207345]
[0.0207345,0.0213628]
[0.921743,0.922372]
[0.922372,0.923]
[0.923,0.923628]
[0.923628,0.924257]
[0.924257,0.924885]
[0.924885,0.925513]
[0.925513,0.926142]
[0.926142,0.92677]
[0.92677,0.927398]
[0.927398,0.928026]
[0.928026,0.928655]
[0.928655,0.929283]
[0.929283,0.929911]
[0.929911,0.93054]
[0.93054,0.931168]
[0.931168,0.931796]
[0.931796,0.932425]
[0.932425,0.933053]
[0.933053,0.933681]
[0.933681,0.93431]
[0.93431,0.934938]
[0.934938,0.935566]
[0.935566,0.936195]
[0.936195,0.936823]
[0.936823,0.937451]
[0.937451,0.93808]
[0.93808,0.938708]
[0.938708,0.939336]
[0.939336,0.939965]
[0.939965,0.940593]
[0.940593,0.941221]
[0.941221,0.941849]
[0.941849,0.942478]
[0.942478,0.943106]
[0.943106,0.943734]
[0.943734,0.944363]
[0.944363,0.944991]
[0.944991,0.945619]
[0.945619,0.946248]
[0.946248,0.946876]
[0.946876,0.947504]
[0.947504,0.948133]
[0.948133,0.948761]
[0.948761,0.949389]
[0.949389,0.950018]
[0.950018,0.950646]
[0.950646,0.951274]
[0.951274,0.951903]
[0.951903,0.952531]
[0.952531,0.953159]
[0.953159,0.953788]
[0.953788,0.954416]
[0.954416,0.955044]
[0.955044,0.955672]
[0.955672,0.956301]
[0.956301,0.956929]
[0.956929,0.957557]
[0.957557,0.958186]
[0.958186,0.958814]
[0.958814,0.959442]
[0.959442,0.960071]
[0.960071,0.960699]
[0.960699,0.961327]
[0.961327,0.961956]
[0.961956,0.962584]
[0.962584,0.963212]
[0.963212,0.963841]
[0.963841,0.964469]
[0.964469,0.965097]
[0.965097,0.965726]
[0.965726,0.966354]
[0.966354,0.966982]
[0.966982,0.967611]
[0.967611,0.968239]
[0.968239,0.968867]
[0.968867,0.969496]
[0.969495,0.970124]
[0.970124,0.970752]
[0.970752,0.97138]
[0.97138,0.972009]
[0.972009,0.972637]
[0.972637,0.973265]
[0.973265,0.973894]
[0.973894,0.974522]
[0.974522,0.97515]
[0.97515,0.975779]
[0.975779,0.976407]
[0.976407,0.977035]
[0.977035,0.977664]
[0.977664,0.978292]
[0.978292,0.97892]
[0.97892,0.979549]
[0.979549,0.980177]
[0.980177,0.980805]
[0.980805,0.981434]
[0.981434,0.982062]
[0.982062,0.98269]
[0.98269,0.983319]
[0.983319,0.983947]
[0.983947,0.984575]
[0.984575,0.985203]
[0.985203,0.985832]
[0.985832,0.98646]
[0.98646,0.987088]
[0.987088,0.987717]
[0.987717,0.988345]
[0.988345,0.988973]
[0.988973,0.989602]
[0.989602,0.99023]
[0.99023,0.990858]
[0.990858,0.991487]
[0.991487,0.992115]
[0.992115,0.992743]
[0.992743,0.993372]
[0.993372,0.994]
[0.994,0.994628]
[0.994628,0.995257]
[0.995257,0.995885]
[0.995885,0.996513]
[0.996513,0.997142]
[0.997142,0.99777]
[0.99777,0.998398]
[0.998398,0.999026]
[0.999026,0.999655]
[0.999655,1.00028]
[1.00028,1.00091]
[1.00091,1.00154]
[1.00154,1.00217]
[1.00217,1.0028]
[1.0028,1.00342]
[1.00342,1.00405]
[1.00405,1.00468]
[1.00468,1.00531]
[1.00531,1.00594]
[1.00594,1.00657]
[1.00657,1.00719]
[1.00719,1.00782]
[1.00782,1.00845]
[1.00845,1.00908]
[1.00908,1.00971]
[1.00971,1.01034]
[1.01034,1.01096]
[1.01096,1.01159]
[1.01159,1.01222]
[1.01222,1.01285]
[1.01285,1.01348]
[1.01348,1.01411]
[1.01411,1.01473]
[1.01473,1.01536]
[1.01536,1.01599]
[1.01599,1.01662]
[1.01662,1.01725]
[1.01725,1.01788]
[1.01788,1.0185]
[1.0185,1.01913]
[1.01913,1.01976]
[1.01976,1.02039]
[1.02039,1.02102]
[1.02102,1.02165]
[1.02165,1.02227]
[1.02227,1.0229]
[1.0229,1.02353]
[1.02353,1.02416]
[1.02416,1.02479]
[1.02479,1.02542]
[1.02542,1.02604]
[1.02604,1.02667]
[1.02667,1.0273]
[1.0273,1.02793]
[1.02793,1.02856]
[1.02856,1.02919]
[1.02919,1.02981]
[1.02981,1.03044]
[1.03044,1.03107]
[1.03107,1.0317]
[1.0317,1.03233]
[1.03233,1.03296]
[1.03296,1.03358]
[1.03358,1.03421]
[1.03421,1.03484]
[1.03484,1.03547]
[1.03547,1.0361]
[1.0361,1.03673]
[1.03673,1.03735]
[1.03735,1.03798]
[1.03798,1.03861]
[1.03861,1.03924]
[1.03924,1.03987]
[1.03987,1.0405]
[1.0405,1.04112]
[1.04112,1.04175]
[1.04175,1.04238]
[1.04238,1.04301]
[1.04301,1.04364]
[1.04364,1.04427]
[1.04427,1.04489]
[1.04489,1.04552]
[1.04552,1.04615]
[1.04615,1.04678]
[1.04678,1.04741]
[1.04741,1.04804]
[1.04804,1.04866]
[1.04866,1.04929]
[1.04929,1.04992]
[1.04992,1.05055]
[1.05055,1.05118]
[1.05118,1.05181]
[1.05181,1.05243]
[1.05243,1.05306]
[1.05306,1.05369]
[1.05369,1.05432]
[1.05432,1.05495]
[1.05495,1.05558]
[1.05558,1.0562]
[1.0562,1.05683]
[1.05683,1.05746]
[1.05746,1.05809]
[1.05809,1.05872]
[1.05872,1.05935]
[1.05935,1.05997]
[1.05997,1.0606]
[1.0606,1.06123]
[1.06123,1.06186]
[1.06186,1.06249]
[1.06249,1.06311]
[1.06311,1.06374]
[1.06374,1.06437]
[1.06437,1.065]
[1.065,1.06563]
[1.06563,1.06626]
[1.06626,1.06688]
[1.06688,1.06751]
[1.06751,1.06814]
[1.06814,1.06877]
[1.06877,1.0694]
[1.0694,1.07003]
[1.07003,1.07065]
[1.07065,1.07128]
[1.07128,1.07191]
[1.07191,1.07254]
[1.07254,1.07317]
[1.07317,1.0738]
[1.0738,1.07442]
[1.07442,1.07505]
[1.07505,1.07568]
[1.07568,1.07631]
[1.07631,1.07694]
[1.07694,1.07757]
[1.07757,1.07819]
[1.07819,1.07882]
[1.07882,1.07945]
[1.07945,1.08008]
[1.08008,1.08071]
[1.08071,1.08134]
[1.08134,1.08196]
[1.08196,1.08259]
[1.08259,1.08322]
[1.08322,1.08385]
[1.08385,1.08448]
[1.08448,1.08511]
[1.08511,1.08573]
[1.08573,1.08636]
[1.08636,1.08699]
[1.08699,1.08762]
[1.08762,1.08825]
[1.08825,1.08888]
[1.08888,1.0895]
[1.0895,1.09013]
[1.09013,1.09076]
[1.09076,1.09139]
[1.09139,1.09202]
[1.09202,1.09265]
[1.09265,1.09327]
[1.09327,1.0939]
[1.0939,1.09453]
[1.09453,1.09516]
[1.09516,1.09579]
[1.09579,1.09642]
[1.09642,1.09704]
[1.09704,1.09767]
[1.09767,1.0983]
[1.0983,1.09893]
[1.09893,1.09956]
[1.09956,1.10019]
[1.10019,1.10081]
[1.10081,1.10144]
[1.10144,1.10207]
[1.10207,1.1027]
[1.1027,1.10333]
[1.10333,1.10396]
[1.10396,1.10458]
[1.10458,1.10521]
[1.10521,1.10584]
[1.10584,1.10647]
[1.10647,1.1071]
[1.1071,1.10773]
[1.10773,1.10835]
[1.10835,1.10898]
[1.10898,1.10961]
[1.10961,1.11024]
[1.11024,1.11087]
[1.11087,1.1115]
[1.1115,1.11212]
[1.11212,1.11275]
[1.11275,1.11338]
[1.11338,1.11401]
[1.11401,1.11464]
[1.11464,1.11527]
[1.11527,1.11589]
[1.11589,1.11652]
[1.11652,1.11715]
[1.11715,1.11778]
[1.11778,1.11841]
[1.11841,1.11904]
[1.11904,1.11966]
[1.11966,1.12029]
[1.12029,1.12092]
[1.12092,1.12155]
[1.12155,1.12218]
[1.12218,1.12281]
[1.12281,1.12343]
[1.12343,1.12406]
[1.12406,1.12469]
[1.12469,1.12532]
[1.12532,1.12595]
[1.12595,1.12658]
[1.12658,1.1272]
[1.1272,1.12783]
[1.12783,1.12846]
[1.12846,1.12909]
[1.12909,1.12972]
[1.12972,1.13035]
[1.13035,1.13097]
[1.13097,1.1316]
[1.1316,1.13223]
[1.13223,1.13286]
[1.13286,1.13349]
[1.13349,1.13411]
[1.13411,1.13474]
[1.13474,1.13537]
[1.13537,1.136]
[1.136,1.13663]
[1.13663,1.13726]
[1.13726,1.13788]
[1.13788,1.13851]
[1.13851,1.13914]
[1.13914,1.13977]
[1.13977,1.1404]
[1.1404,1.14103]
[1.14103,1.14165]
[1.14165,1.14228]
[1.14228,1.14291]
[1.14291,1.14354]
[1.14354,1.14417]
[1.14417,1.1448]
[1.1448,1.14542]
[1.14542,1.14605]
[1.14605,1.14668]
[1.14668,1.14731]
[1.14731,1.14794]
[1.14794,1.14857]
[1.14857,1.14919]
[1.14919,1.14982]
[1.14982,1.15045]
[1.15045,1.15108]
[1.15108,1.15171]
[1.15171,1.15234]
[1.15234,1.15296]
[1.15296,1.15359]
[1.15359,1.15422]
[1.15422,1.15485]
[1.15485,1.15548]
[1.15548,1.15611]
[1.15611,1.15673]
[1.15673,1.15736]
[1.15736,1.15799]
[1.15799,1.15862]
[1.15862,1.15925]
[1.15925,1.15988]
[1.15988,1.1605]
[1.1605,1.16113]
[1.16113,1.16176]
[1.16176,1.16239]
[1.16239,1.16302]
[1.16302,1.16365]
[1.16365,1.16427]
[1.16427,1.1649]
[1.1649,1.16553]
[1.16553,1.16616]
[1.16616,1.16679]
[1.16679,1.16742]
[1.16742,1.16804]
[1.16804,1.16867]
[1.16867,1.1693]
[1.1693,1.16993]
[1.16993,1.17056]
[1.17056,1.17119]
[1.17119,1.17181]
[1.17181,1.17244]
[1.17244,1.17307]
[1.17307,1.1737]
[1.1737,1.17433]
[1.17433,1.17496]
[1.17496,1.17558]
[1.17558,1.17621]
[1.17621,1.17684]
[1.17684,1.17747]
[1.17747,1.1781]
[1.1781,1.17873]
[1.17873,1.17935]
[1.17935,1.17998]
[1.17998,1.18061]
[1.18061,1.18124]
[1.18124,1.18187]
[1.18187,1.1825]
[1.1825,1.18312]
[1.18312,1.18375]
[1.18375,1.18438]
[1.18438,1.18501]
[1.18501,1.18564]
[1.18564,1.18627]
[1.18627,1.18689]
[1.18689,1.18752]
[1.18752,1.18815]
[1.18815,1.18878]
[1.18878,1.18941]
[1.18941,1.19004]
[1.19004,1.19066]
[1.19066,1.19129]
[1.19129,1.19192]
[1.19192,1.19255]
[1.19255,1.19318]
[1.19318,1.19381]
[1.19381,1.19443]
[1.19443,1.19506]
[1.19506,1.19569]
[1.19569,1.19632]
[1.19632,1.19695]
[1.19695,1.19758]
[1.19758,1.1982]
[1.1982,1.19883]
[1.19883,1.19946]
[1.19946,1.20009]
[1.20009,1.20072]
[1.20072,1.20135]
[1.20135,1.20197]
[1.20197,1.2026]
[1.2026,1.20323]
[1.20323,1.20386]
[1.20386,1.20449]
[1.20449,1.20511]
[1.20511,1.20574]
[1.20574,1.20637]
[1.20637,1.207]
[1.207,1.20763]
[1.20763,1.20826]
[1.20826,1.20888]
[1.20888,1.20951]
[1.20951,1.21014]
[1.21014,1.21077]
[1.21077,1.2114]
[1.2114,1.21203]
[1.21203,1.21265]
[1.21265,1.21328]
[1.21328,1.21391]
[1.21391,1.21454]
[1.21454,1.21517]
[1.21517,1.2158]
[1.2158,1.21642]
[1.21642,1.21705]
[1.21705,1.21768]
[1.21768,1.21831]
[1.21831,1.21894]
[1.21894,1.21957]
[1.21957,1.22019]
[1.22019,1.22082]
[1.22082,1.22145]
[1.22145,1.22208]
[1.22208,1.22271]
[1.22271,1.22334]
[1.22334,1.22396]
[1.22396,1.22459]
[1.22459,1.22522]
[1.22522,1.22585]
[1.22585,1.22648]
[1.22648,1.22711]
[1.22711,1.22773]
[1.22773,1.22836]
[1.22836,1.22899]
[1.22899,1.22962]
[1.22962,1.23025]
[1.23025,1.23088]
[1.23088,1.2315]
[1.2315,1.23213]
[1.23213,1.23276]
[1.23276,1.23339]
[1.23339,1.23402]
[1.23402,1.23465]
[1.23465,1.23527]
[1.23527,1.2359]
[1.2359,1.23653]
[1.23653,1.23716]
[1.23716,1.23779]
[1.23779,1.23842]
[1.23842,1.23904]
[1.23904,1.23967]
[1.23967,1.2403]
[1.2403,1.24093]
[1.24093,1.24156]
[1.24156,1.24219]
[1.24219,1.24281]
[1.24281,1.24344]
[1.24344,1.24407]
[1.24407,1.2447]
[1.2447,1.24533]
[1.24533,1.24596]
[1.24596,1.24658]
[1.24658,1.24721]
[1.24721,1.24784]
[1.24784,1.24847]
[1.24847,1.2491]
[1.2491,1.24973]
[1.24973,1.25035]
[1.25035,1.25098]
[1.25098,1.25161]
[1.25161,1.25224]
[1.25224,1.25287]
[1.25287,1.2535]
[1.2535,1.25412]
[1.25412,1.25475]
[1.25475,1.25538]
[1.25538,1.25601]
[1.25601,1.25664]
[1.25664,1.25727]
[1.25727,1.25789]
[1.25789,1.25852]
[1.25852,1.25915]
[1.25915,1.25978]
[1.25978,1.26041]
[1.26041,1.26104]
[1.26104,1.26166]
[1.26166,1.26229]
[1.26229,1.26292]
[1.26292,1.26355]
[1.26355,1.26418]
[1.26418,1.26481]
[1.26481,1.26543]
[1.26543,1.26606]
[1.26606,1.26669]
[1.26669,1.26732]
[1.26732,1.26795]
[1.26795,1.26858]
[1.26858,1.2692]
[1.2692,1.26983]
[1.26983,1.27046]
[1.27046,1.27109]
[1.27109,1.27172]
[1.27172,1.27235]
[1.27235,1.27297]
[1.27297,1.2736]
[1.2736,1.27423]
[1.27423,1.27486]
[1.27486,1.27549]
[1.27549,1.27611]
[1.27611,1.27674]
[1.27674,1.27737]
[1.27737,1.278]
[1.278,1.27863]
[1.27863,1.27926]
[1.27926,1.27988]
[1.27988,1.28051]
[1.28051,1.28114]
[1.28114,1.28177]
[1.28177,1.2824]
[1.2824,1.28303]
[1.28303,1.28365]
[1.28365,1.28428]
[1.28428,1.28491]
[1.28491,1.28554]
[1.28554,1.28617]
[1.28617,1.2868]
[1.2868,1.28742]
[1.28742,1.28805]
[1.28805,1.28868]
[1.28868,1.28931]
[1.28931,1.28994]
[1.28994,1.29057]
[1.29057,1.29119]
[1.29119,1.29182]
[1.29182,1.29245]
[1.29245,1.29308]
[1.29308,1.29371]
[1.29371,1.29434]
[1.29434,1.29496]
[1.29496,1.29559]
[1.29559,1.29622]
[1.29622,1.29685]
[1.29685,1.29748]
[1.29748,1.29811]
[1.29811,1.29873]
[1.29873,1.29936]
[1.29936,1.29999]
[1.29999,1.30062]
[1.30062,1.30125]
[1.30125,1.30188]
[1.30188,1.3025]
[1.3025,1.30313]
[1.30313,1.30376]
[1.30376,1.30439]
[1.30439,1.30502]
[1.30502,1.30565]
[1.30565,1.30627]
[1.30627,1.3069]
[1.3069,1.30753]
[1.30753,1.30816]
[1.30816,1.30879]
[1.30879,1.30942]
[1.30942,1.31004]
[1.31004,1.31067]
[1.31067,1.3113]
[1.3113,1.31193]
[1.31193,1.31256]
[1.31256,1.31319]
[1.31319,1.31381]
[1.31381,1.31444]
[1.31444,1.31507]
[1.31507,1.3157]
[1.3157,1.31633]
[1.31633,1.31696]
[1.31696,1.31758]
[1.31758,1.31821]
[1.31821,1.31884]
[1.31884,1.31947]
[1.31947,1.3201]
[1.3201,1.32073]
[1.32073,1.32135]
[1.32135,1.32198]
[1.32198,1.32261]
[1.32261,1.32324]
[1.32324,1.32387]
[1.32387,1.3245]
[1.3245,1.32512]
[1.32512,1.32575]
[1.32575,1.32638]
[1.32638,1.32701]
[1.32701,1.32764]
[1.32764,1.32827]
[1.32827,1.32889]
[1.32889,1.32952]
[1.32952,1.33015]
[1.33015,1.33078]
[1.33078,1.33141]
[1.33141,1.33204]
[1.33204,1.33266]
[1.33266,1.33329]
[1.33329,1.33392]
[1.33392,1.33455]
[1.33455,1.33518]
[1.33518,1.33581]
[1.33581,1.33643]
[1.33643,1.33706]
[1.33706,1.33769]
[1.33769,1.33832]
[1.33832,1.33895]
[1.33895,1.33958]
[1.33958,1.3402]
[1.3402,1.34083]
[1.34083,1.34146]
[1.34146,1.34209]
[1.34209,1.34272]
[1.34272,1.34335]
[1.34335,1.34397]
[1.34397,1.3446]
[1.3446,1.34523]
[1.34523,1.34586]
[1.34586,1.34649]
[1.34649,1.34711]
[1.34711,1.34774]
[1.34774,1.34837]
[1.34837,1.349]
[1.349,1.34963]
[1.34963,1.35026]
[1.35026,1.35088]
[1.35088,1.35151]
[1.35151,1.35214]
[1.35214,1.35277]
[1.35277,1.3534]
[1.3534,1.35403]
[1.35403,1.35465]
[1.35465,1.35528]
[1.35528,1.35591]
[1.35591,1.35654]
[1.35654,1.35717]
[1.35717,1.3578]
[1.3578,1.35842]
[1.35842,1.35905]
[1.35905,1.35968]
[1.35968,1.36031]
[1.36031,1.36094]
[1.36094,1.36157]
[1.36157,1.36219]
[1.36219,1.36282]
[1.36282,1.36345]
[1.36345,1.36408]
[1.36408,1.36471]
[1.36471,1.36534]
[1.36534,1.36596]
[1.36596,1.36659]
[1.36659,1.36722]
[1.36722,1.36785]
[1.36785,1.36848]
[1.36848,1.36911]
[1.36911,1.36973]
[1.36973,1.37036]
[1.37036,1.37099]
[1.37099,1.37162]
[1.37162,1.37225]
[1.37225,1.37288]
[1.37288,1.3735]
[1.3735,1.37413]
[1.37413,1.37476]
[1.37476,1.37539]
[1.37539,1.37602]
[1.37602,1.37665]
[1.37665,1.37727]
[1.37727,1.3779]
[1.3779,1.37853]
[1.37853,1.37916]
[1.37916,1.37979]
[1.37979,1.38042]
[1.38042,1.38104]
[1.38104,1.38167]
[1.38167,1.3823]
[1.3823,1.38293]
[1.38293,1.38356]
[1.38356,1.38419]
[1.38419,1.38481]
[1.38481,1.38544]
[1.38544,1.38607]
[1.38607,1.3867]
[1.3867,1.38733]
[1.38733,1.38796]
[1.38796,1.38858]
[1.38858,1.38921]
[1.38921,1.38984]
[1.38984,1.39047]
[1.39047,1.3911]
[1.3911,1.39173]
[1.39173,1.39235]
[1.39235,1.39298]
[1.39298,1.39361]
[1.39361,1.39424]
[1.39424,1.39487]
[1.39487,1.3955]
[1.3955,1.39612]
[1.39612,1.39675]
[1.39675,1.39738]
[1.39738,1.39801]
[1.39801,1.39864]
[1.39864,1.39927]
[1.39927,1.39989]
[1.39989,1.40052]
[1.40052,1.40115]
[1.40115,1.40178]
[1.40178,1.40241]
[1.40241,1.40304]
[1.40304,1.40366]
[1.40366,1.40429]
[1.40429,1.40492]
[1.40492,1.40555]
[1.40555,1.40618]
[1.40618,1.40681]
[1.40681,1.40743]
[1.40743,1.40806]
[1.40806,1.40869]
[1.40869,1.40932]
[1.40932,1.40995]
[1.40995,1.41058]
[1.41058,1.4112]
[1.4112,1.41183]
[1.41183,1.41246]
[1.41246,1.41309]
[1.41309,1.41372]
[1.41372,1.41435]
[1.41435,1.41497]
[1.41497,1.4156]
[1.4156,1.41623]
[1.41623,1.41686]
[1.41686,1.41749]
[1.41749,1.41811]
[1.41811,1.41874]
[1.41874,1.41937]
[1.41937,1.42]
[1.42,1.42063]
[1.42063,1.42126]
[1.42126,1.42188]
[1.42188,1.42251]
[1.42251,1.42314]
[1.42314,1.42377]
[1.42377,1.4244]
[1.4244,1.42503]
[1.42503,1.42565]
[1.42565,1.42628]
[1.42628,1.42691]
[1.42691,1.42754]
[1.42754,1.42817]
[1.42817,1.4288]
[1.4288,1.42942]
[1.42942,1.43005]
[1.43005,1.43068]
[1.43068,1.43131]
[1.43131,1.43194]
[1.43194,1.43257]
[1.43257,1.43319]
[1.43319,1.43382]
[1.43382,1.43445]
[1.43445,1.43508]
[1.43508,1.43571]
[1.43571,1.43634]
[1.43634,1.43696]
[1.43696,1.43759]
[1.43759,1.43822]
[1.43822,1.43885]
[1.43885,1.43948]
[1.43948,1.44011]
[1.44011,1.44073]
[1.44073,1.44136]
[1.44136,1.44199]
[1.44199,1.44262]
[1.44262,1.44325]
[1.44325,1.44388]
[1.44388,1.4445]
[1.4445,1.44513]
[1.44513,1.44576]
[1.44576,1.44639]
[1.44639,1.44702]
[1.44702,1.44765]
[1.44765,1.44827]
[1.44827,1.4489]
[1.4489,1.44953]
[1.44953,1.45016]
[1.45016,1.45079]
[1.45079,1.45142]
[1.45142,1.45204]
[1.45204,1.45267]
[1.45267,1.4533]
[1.4533,1.45393]
[1.45393,1.45456]
[1.45456,1.45519]
[1.45519,1.45581]
[1.45581,1.45644]
[1.45644,1.45707]
[1.45707,1.4577]
[1.4577,1.45833]
[1.45833,1.45896]
[1.45896,1.45958]
[1.45958,1.46021]
[1.46021,1.46084]
[1.46084,1.46147]
[1.46147,1.4621]
[1.4621,1.46273]
[1.46273,1.46335]
[1.46335,1.46398]
[1.46398,1.46461]
[1.46461,1.46524]
[1.46524,1.46587]
[1.46587,1.4665]
[1.4665,1.46712]
[1.46712,1.46775]
[1.46775,1.46838]
[1.46838,1.46901]
[1.46901,1.46964]
[1.46964,1.47027]
[1.47027,1.47089]
[1.47089,1.47152]
[1.47152,1.47215]
[1.47215,1.47278]
[1.47278,1.47341]
[1.47341,1.47404]
[1.47404,1.47466]
[1.47466,1.47529]
[1.47529,1.47592]
[1.47592,1.47655]
[1.47655,1.47718]
[1.47718,1.47781]
[1.47781,1.47843]
[1.47843,1.47906]
[1.47906,1.47969]
[1.47969,1.48032]
[1.48032,1.48095]
[1.48095,1.48158]
[1.48158,1.4822]
[1.4822,1.48283]
[1.48283,1.48346]
[1.48346,1.48409]
[1.48409,1.48472]
[1.48472,1.48535]
[1.48535,1.48597]
[1.48597,1.4866]
[1.4866,1.48723]
[1.48723,1.48786]
[1.48786,1.48849]
[1.48849,1.48911]
[1.48911,1.48974]
[1.48974,1.49037]
[1.49037,1.491]
[1.491,1.49163]
[1.49163,1.49226]
[1.49226,1.49288]
[1.49288,1.49351]
[1.49351,1.49414]
[1.49414,1.49477]
[1.49477,1.4954]
[1.4954,1.49603]
[1.49603,1.49665]
[1.49665,1.49728]
[1.49728,1.49791]
[1.49791,1.49854]
[1.49854,1.49917]
[1.49917,1.4998]
[1.4998,1.50042]
[1.50042,1.50105]
[1.50105,1.50168]
[1.50168,1.50231]
[1.50231,1.50294]
[1.50294,1.50357]
[1.50357,1.50419]
[1.50419,1.50482]
[1.50482,1.50545]
[1.50545,1.50608]
[1.50608,1.50671]
[1.50671,1.50734]
[1.50734,1.50796]
[1.50796,1.50859]
[1.50859,1.50922]
[1.50922,1.50985]
[1.50985,1.51048]
[1.51048,1.51111]
[1.51111,1.51173]
[1.51173,1.51236]
[1.51236,1.51299]
[1.51299,1.51362]
[1.51362,1.51425]
[1.51425,1.51488]
[1.51488,1.5155]
[1.5155,1.51613]
[1.51613,1.51676]
[1.51676,1.51739]
[1.51739,1.51802]
[1.51802,1.51865]
[1.51865,1.51927]
[1.51927,1.5199]
[1.5199,1.52053]
[1.52053,1.52116]
[1.52116,1.52179]
[1.52179,1.52242]
[1.52242,1.52304]
[1.52304,1.52367]
[1.52367,1.5243]
[1.5243,1.52493]
[1.52493,1.52556]
[1.52556,1.52619]
[1.52619,1.52681]
[1.52681,1.52744]
[1.52744,1.52807]
[1.52807,1.5287]
[1.5287,1.52933]
[1.52933,1.52996]
[1.52996,1.53058]
[1.53058,1.53121]
[1.53121,1.53184]
[1.53184,1.53247]
[1.53247,1.5331]
[1.5331,1.53373]
[1.53373,1.53435]
[1.53435,1.53498]
[1.53498,1.53561]
[1.53561,1.53624]
[1.53624,1.53687]
[1.53687,1.5375]
[1.5375,1.53812]
[1.53812,1.53875]
[1.53875,1.53938]
[1.53938,1.54001]
[1.54001,1.54064]
[1.54064,1.54127]
[1.54127,1.54189]
[1.54189,1.54252]
[1.54252,1.54315]
[1.54315,1.54378]
[1.54378,1.54441]
[1.54441,1.54504]
[1.54504,1.54566]
[1.54566,1.54629]
[1.54629,1.54692]
[1.54692,1.54755]
[1.54755,1.54818]
[1.54818,1.54881]
[1.54881,1.54943]
[1.54943,1.55006]
[1.55006,1.55069]
[1.55069,1.55132]
[1.55132,1.55195]
[1.55195,1.55258]
[1.55258,1.5532]
[1.5532,1.55383]
[1.55383,1.55446]
[1.55446,1.55509]
[1.55509,1.55572]
[1.55572,1.55635]
[1.55635,1.55697]
[1.55697,1.5576]
[1.5576,1.55823]
[1.55823,1.55886]
[1.55886,1.55949]
[1.55949,1.56011]
[1.56011,1.56074]
[1.56074,1.56137]
[1.56137,1.562]
[1.562,1.56263]
[1.56263,1.56326]
[1.56326,1.56388]
[1.56388,1.56451]
[1.56451,1.56514]
[1.56514,1.56577]
[1.56577,1.5664]
[1.5664,1.56703]
[1.56703,1.56765]
[1.56765,1.56828]
[1.56828,1.56891]
[1.56891,1.56954]
[1.56954,1.57017]
[1.57017,1.5708]
[1.5708,1.57142]
[1.57142,1.57205]
[1.57205,1.57268]
[1.57268,1.57331]
[1.57331,1.57394]
[1.57394,1.57457]
[1.57457,1.57519]
[1.57519,1.57582]
[1.57582,1.57645]
[1.57645,1.57708]
[1.57708,1.57771]
[1.57771,1.57834]
[1.57834,1.57896]
[1.57896,1.57959]
[1.57959,1.58022]
[1.58022,1.58085]
[1.58085,1.58148]
[1.58148,1.58211]
[1.58211,1.58273]
[1.58273,1.58336]
[1.58336,1.58399]
[1.58399,1.58462]
[1.58462,1.58525]
[1.58525,1.58588]
[1.58588,1.5865]
[1.5865,1.58713]
[1.58713,1.58776]
[1.58776,1.58839]
[1.58839,1.58902]
[1.58902,1.58965]
[1.58965,1.59027]
[1.59027,1.5909]
[1.5909,1.59153]
[1.59153,1.59216]
[1.59216,1.59279]
[1.59279,1.59342]
[1.59342,1.59404]
[1.59404,1.59467]
[1.59467,1.5953]
[1.5953,1.59593]
[1.59593,1.59656]
[1.59656,1.59719]
[1.59719,1.59781]
[1.59781,1.59844]
[1.59844,1.59907]
[1.59907,1.5997]
[1.5997,1.60033]
[1.60033,1.60096]
[1.60096,1.60158]
[1.60158,1.60221]
[1.60221,1.60284]
[1.60284,1.60347]
[1.60347,1.6041]
[1.6041,1.60473]
[1.60473,1.60535]
[1.60535,1.60598]
[1.60598,1.60661]
[1.60661,1.60724]
[1.60724,1.60787]
[1.60787,1.6085]
[1.6085,1.60912]
[1.60912,1.60975]
[1.60975,1.61038]
[1.61038,1.61101]
[1.61101,1.61164]
[1.61164,1.61227]
[1.61227,1.61289]
[1.61289,1.61352]
[1.61352,1.61415]
[1.61415,1.61478]
[1.61478,1.61541]
[1.61541,1.61604]
[1.61604,1.61666]
[1.61666,1.61729]
[1.61729,1.61792]
[1.61792,1.61855]
[1.61855,1.61918]
[1.61918,1.61981]
[1.61981,1.62043]
[1.62043,1.62106]
[1.62106,1.62169]
[1.62169,1.62232]
[1.62232,1.62295]
[1.62295,1.62358]
[1.62358,1.6242]
[1.6242,1.62483]
[1.62483,1.62546]
[1.62546,1.62609]
[1.62609,1.62672]
[1.62672,1.62735]
[1.62734,1.62797]
[1.62797,1.6286]
[1.6286,1.62923]
[1.62923,1.62986]
[1.62986,1.63049]
[1.63049,1.63111]
[1.63111,1.63174]
[1.63174,1.63237]
[1.63237,1.633]
[1.633,1.63363]
[1.63363,1.63426]
[1.63426,1.63488]
[1.63488,1.63551]
[1.63551,1.63614]
[1.63614,1.63677]
[1.63677,1.6374]
[1.6374,1.63803]
[1.63803,1.63865]
[1.63865,1.63928]
[1.63928,1.63991]
[1.63991,1.64054]
[1.64054,1.64117]
[1.64117,1.6418]
[1.6418,1.64242]
[1.64242,1.64305]
[1.64305,1.64368]
[1.64368,1.64431]
[1.64431,1.64494]
[1.64494,1.64557]
[1.64557,1.64619]
[1.64619,1.64682]
[1.64682,1.64745]
[1.64745,1.64808]
[1.64808,1.64871]
[1.64871,1.64934]
[1.64934,1.64996]
[1.64996,1.65059]
[1.65059,1.65122]
[1.65122,1.65185]
[1.65185,1.65248]
[1.65248,1.65311]
[1.65311,1.65373]
[1.65373,1.65436]
[1.65436,1.65499]
[1.65499,1.65562]
[1.65562,1.65625]
[1.65625,1.65688]
[1.65688,1.6575]
[1.6575,1.65813]
[1.65813,1.65876]
[1.65876,1.65939]
[1.65939,1.66002]
[1.66002,1.66065]
[1.66065,1.66127]
[1.66127,1.6619]
[1.6619,1.66253]
[1.66253,1.66316]
[1.66316,1.66379]
[1.66379,1.66442]
[1.66442,1.66504]
[1.66504,1.66567]
[1.66567,1.6663]
[1.6663,1.66693]
[1.66693,1.66756]
[1.66756,1.66819]
[1.66819,1.66881]
[1.66881,1.66944]
[1.66944,1.67007]
[1.67007,1.6707]
[1.6707,1.67133]
[1.67133,1.67196]
[1.67196,1.67258]
[1.67258,1.67321]
[1.67321,1.67384]
[1.67384,1.67447]
[1.67447,1.6751]
[1.6751,1.67573]
[1.67573,1.67635]
[1.67635,1.67698]
[1.67698,1.67761]
[1.67761,1.67824]
[1.67824,1.67887]
[1.67887,1.6795]
[1.6795,1.68012]
[1.68012,1.68075]
[1.68075,1.68138]
[1.68138,1.68201]
[1.68201,1.68264]
[1.68264,1.68327]
[1.68327,1.68389]
[1.68389,1.68452]
[1.68452,1.68515]
[1.68515,1.68578]
[1.68578,1.68641]
[1.68641,1.68704]
[1.68704,1.68766]
[1.68766,1.68829]
[1.68829,1.68892]
[1.68892,1.68955]
[1.68955,1.69018]
[1.69018,1.69081]
[1.69081,1.69143]
[1.69143,1.69206]
[1.69206,1.69269]
[1.69269,1.69332]
[1.69332,1.69395]
[1.69395,1.69458]
[1.69458,1.6952]
[1.6952,1.69583]
[1.69583,1.69646]
[1.69646,1.69709]
[1.69709,1.69772]
[1.69772,1.69834]
[1.69834,1.69897]
[1.69897,1.6996]
[1.6996,1.70023]
[1.70023,1.70086]
[1.70086,1.70149]
[1.70149,1.70211]
[1.70211,1.70274]
[1.70274,1.70337]
[1.70337,1.704]
[1.704,1.70463]
[1.70463,1.70526]
[1.70526,1.70588]
[1.70588,1.70651]
[1.70651,1.70714]
[1.70714,1.70777]
[1.70777,1.7084]
[1.7084,1.70903]
[1.70903,1.70965]
[1.70965,1.71028]
[1.71028,1.71091]
[1.71091,1.71154]
[1.71154,1.71217]
[1.71217,1.7128]
[1.7128,1.71342]
[1.71342,1.71405]
[1.71405,1.71468]
[1.71468,1.71531]
[1.71531,1.71594]
[1.71594,1.71657]
[1.71657,1.71719]
[1.71719,1.71782]
[1.71782,1.71845]
[1.71845,1.71908]
[1.71908,1.71971]
[1.71971,1.72034]
[1.72034,1.72096]
[1.72096,1.72159]
[1.72159,1.72222]
[1.72222,1.72285]
[1.72285,1.72348]
[1.72348,1.72411]
[1.72411,1.72473]
[1.72473,1.72536]
[1.72536,1.72599]
[1.72599,1.72662]
[1.72662,1.72725]
[1.72725,1.72788]
[1.72788,1.7285]
[1.7285,1.72913]
[1.72913,1.72976]
[1.72976,1.73039]
[1.73039,1.73102]
[1.73102,1.73165]
[1.73165,1.73227]
[1.73227,1.7329]
[1.7329,1.73353]
[1.73353,1.73416]
[1.73416,1.73479]
[1.73479,1.73542]
[1.73542,1.73604]
[1.73604,1.73667]
[1.73667,1.7373]
[1.7373,1.73793]
[1.73793,1.73856]
[1.73856,1.73919]
[1.73919,1.73981]
[1.73981,1.74044]
[1.74044,1.74107]
[1.74107,1.7417]
[1.7417,1.74233]
[1.74233,1.74296]
[1.74296,1.74358]
[1.74358,1.74421]
[1.74421,1.74484]
[1.74484,1.74547]
[1.74547,1.7461]
[1.7461,1.74673]
[1.74673,1.74735]
[1.74735,1.74798]
[1.74798,1.74861]
[1.74861,1.74924]
[1.74924,1.74987]
[1.74987,1.7505]
[1.7505,1.75112]
[1.75112,1.75175]
[1.75175,1.75238]
[1.75238,1.75301]
[1.75301,1.75364]
[1.75364,1.75427]
[1.75427,1.75489]
[1.75489,1.75552]
[1.75552,1.75615]
[1.75615,1.75678]
[1.75678,1.75741]
[1.75741,1.75804]
[1.75804,1.75866]
[1.75866,1.75929]
[1.75929,1.75992]
[1.75992,1.76055]
[1.76055,1.76118]
[1.76118,1.76181]
[1.76181,1.76243]
[1.76243,1.76306]
[1.76306,1.76369]
[1.76369,1.76432]
[1.76432,1.76495]
[1.76495,1.76558]
[1.76558,1.7662]
[1.7662,1.76683]
[1.76683,1.76746]
[1.76746,1.76809]
[1.76809,1.76872]
[1.76872,1.76934]
[1.76934,1.76997]
[1.76997,1.7706]
[1.7706,1.77123]
[1.77123,1.77186]
[1.77186,1.77249]
[1.77249,1.77311]
[1.77311,1.77374]
[1.77374,1.77437]
[1.77437,1.775]
[1.775,1.77563]
[1.77563,1.77626]
[1.77626,1.77688]
[1.77688,1.77751]
[1.77751,1.77814]
[1.77814,1.77877]
[1.77877,1.7794]
[1.7794,1.78003]
[1.78003,1.78065]
[1.78065,1.78128]
[1.78128,1.78191]
[1.78191,1.78254]
[1.78254,1.78317]
[1.78317,1.7838]
[1.7838,1.78442]
[1.78442,1.78505]
[1.78505,1.78568]
[1.78568,1.78631]
[1.78631,1.78694]
[1.78694,1.78757]
[1.78757,1.78819]
[1.78819,1.78882]
[1.78882,1.78945]
[1.78945,1.79008]
[1.79008,1.79071]
[1.79071,1.79134]
[1.79134,1.79196]
[1.79196,1.79259]
[1.79259,1.79322]
[1.79322,1.79385]
[1.79385,1.79448]
[1.79448,1.79511]
[1.79511,1.79573]
[1.79573,1.79636]
[1.79636,1.79699]
[1.79699,1.79762]
[1.79762,1.79825]
[1.79825,1.79888]
[1.79888,1.7995]
[1.7995,1.80013]
[1.80013,1.80076]
[1.80076,1.80139]
[1.80139,1.80202]
[1.80202,1.80265]
[1.80265,1.80327]
[1.80327,1.8039]
[1.8039,1.80453]
[1.80453,1.80516]
[1.80516,1.80579]
[1.80579,1.80642]
[1.80642,1.80704]
[1.80704,1.80767]
[1.80767,1.8083]
[1.8083,1.80893]
[1.80893,1.80956]
[1.80956,1.81019]
[1.81019,1.81081]
[1.81081,1.81144]
[1.81144,1.81207]
[1.81207,1.8127]
[1.8127,1.81333]
[1.81333,1.81396]
[1.81396,1.81458]
[1.81458,1.81521]
[1.81521,1.81584]
[1.81584,1.81647]
[1.81647,1.8171]
[1.8171,1.81773]
[1.81773,1.81835]
[1.81835,1.81898]
[1.81898,1.81961]
[1.81961,1.82024]
[1.82024,1.82087]
[1.82087,1.8215]
[1.8215,1.82212]
[1.82212,1.82275]
[1.82275,1.82338]
[1.82338,1.82401]
[1.82401,1.82464]
[1.82464,1.82527]
[1.82527,1.82589]
[1.82589,1.82652]
[1.82652,1.82715]
[1.82715,1.82778]
[1.82778,1.82841]
[1.82841,1.82904]
[1.82904,1.82966]
[1.82966,1.83029]
[1.83029,1.83092]
[1.83092,1.83155]
[1.83155,1.83218]
[1.83218,1.83281]
[1.83281,1.83343]
[1.83343,1.83406]
[1.83406,1.83469]
[1.83469,1.83532]
[1.83532,1.83595]
[1.83595,1.83658]
[1.83658,1.8372]
[1.8372,1.83783]
[1.83783,1.83846]
[1.83846,1.83909]
[1.83909,1.83972]
[1.83972,1.84034]
[1.84034,1.84097]
[1.84097,1.8416]
[1.8416,1.84223]
[1.84223,1.84286]
[1.84286,1.84349]
[1.84349,1.84411]
[1.84411,1.84474]
[1.84474,1.84537]
[1.84537,1.846]
[1.846,1.84663]
[1.84663,1.84726]
[1.84726,1.84788]
[1.84788,1.84851]
[1.84851,1.84914]
[1.84914,1.84977]
[1.84977,1.8504]
[1.8504,1.85103]
[1.85103,1.85165]
[1.85165,1.85228]
[1.85228,1.85291]
[1.85291,1.85354]
[1.85354,1.85417]
[1.85417,1.8548]
[1.8548,1.85542]
[1.85542,1.85605]
[1.85605,1.85668]
[1.85668,1.85731]
[1.85731,1.85794]
[1.85794,1.85857]
[1.85857,1.85919]
[1.85919,1.85982]
[1.85982,1.86045]
[1.86045,1.86108]
[1.86108,1.86171]
[1.86171,1.86234]
[1.86234,1.86296]
[1.86296,1.86359]
[1.86359,1.86422]
[1.86422,1.86485]
[1.86485,1.86548]
[1.86548,1.86611]
[1.86611,1.86673]
[1.86673,1.86736]
[1.86736,1.86799]
[1.86799,1.86862]
[1.86862,1.86925]
[1.86925,1.86988]
[1.86988,1.8705]
[1.8705,1.87113]
[1.87113,1.87176]
[1.87176,1.87239]
[1.87239,1.87302]
[1.87302,1.87365]
[1.87365,1.87427]
[1.87427,1.8749]
[1.8749,1.87553]
[1.87553,1.87616]
[1.87616,1.87679]
[1.87679,1.87742]
[1.87742,1.87804]
[1.87804,1.87867]
[1.87867,1.8793]
[1.8793,1.87993]
[1.87993,1.88056]
[1.88056,1.88119]
[1.88119,1.88181]
[1.88181,1.88244]
[1.88244,1.88307]
[1.88307,1.8837]
[1.8837,1.88433]
[1.88433,1.88496]
[1.88496,1.88558]
[1.88558,1.88621]
[1.88621,1.88684]
[1.88684,1.88747]
[1.88747,1.8881]
[1.8881,1.88873]
[1.88873,1.88935]
[1.88935,1.88998]
[1.88998,1.89061]
[1.89061,1.89124]
[1.89124,1.89187]
[1.89187,1.8925]
[1.8925,1.89312]
[1.89312,1.89375]
[1.89375,1.89438]
[1.89438,1.89501]
[1.89501,1.89564]
[1.89564,1.89627]
[1.89627,1.89689]
[1.89689,1.89752]
[1.89752,1.89815]
[1.89815,1.89878]
[1.89878,1.89941]
[1.89941,1.90004]
[1.90004,1.90066]
[1.90066,1.90129]
[1.90129,1.90192]
[1.90192,1.90255]
[1.90255,1.90318]
[1.90318,1.90381]
[1.90381,1.90443]
[1.90443,1.90506]
[1.90506,1.90569]
[1.90569,1.90632]
[1.90632,1.90695]
[1.90695,1.90758]
[1.90758,1.9082]
[1.9082,1.90883]
[1.90883,1.90946]
[1.90946,1.91009]
[1.91009,1.91072]
[1.91072,1.91134]
[1.91134,1.91197]
[1.91197,1.9126]
[1.9126,1.91323]
[1.91323,1.91386]
[1.91386,1.91449]
[1.91449,1.91511]
[1.91511,1.91574]
[1.91574,1.91637]
[1.91637,1.917]
[1.917,1.91763]
[1.91763,1.91826]
[1.91826,1.91888]
[1.91888,1.91951]
[1.91951,1.92014]
[1.92014,1.92077]
[1.92077,1.9214]
[1.9214,1.92203]
[1.92203,1.92265]
[1.92265,1.92328]
[1.92328,1.92391]
[1.92391,1.92454]
[1.92454,1.92517]
[1.92517,1.9258]
[1.9258,1.92642]
[1.92642,1.92705]
[1.92705,1.92768]
[1.92768,1.92831]
[1.92831,1.92894]
[1.92894,1.92957]
[1.92957,1.93019]
[1.93019,1.93082]
[1.93082,1.93145]
[1.93145,1.93208]
[1.93208,1.93271]
[1.93271,1.93334]
[1.93334,1.93396]
[1.93396,1.93459]
[1.93459,1.93522]
[1.93522,1.93585]
[1.93585,1.93648]
[1.93648,1.93711]
[1.93711,1.93773]
[1.93773,1.93836]
[1.93836,1.93899]
[1.93899,1.93962]
[1.93962,1.94025]
[1.94025,1.94088]
[1.94088,1.9415]
[1.9415,1.94213]
[1.94213,1.94276]
[1.94276,1.94339]
[1.94339,1.94402]
[1.94402,1.94465]
[1.94465,1.94527]
[1.94527,1.9459]
[1.9459,1.94653]
[1.94653,1.94716]
[1.94716,1.94779]
[1.94779,1.94842]
[1.94842,1.94904]
[1.94904,1.94967]
[1.94967,1.9503]
[1.9503,1.95093]
[1.95093,1.95156]
[1.95156,1.95219]
[1.95219,1.95281]
[1.95281,1.95344]
[1.95344,1.95407]
[1.95407,1.9547]
[1.9547,1.95533]
[1.95533,1.95596]
[1.95596,1.95658]
[1.95658,1.95721]
[1.95721,1.95784]
[1.95784,1.95847]
[1.95847,1.9591]
[1.9591,1.95973]
[1.95973,1.96035]
[1.96035,1.96098]
[1.96098,1.96161]
[1.96161,1.96224]
[1.96224,1.96287]
[1.96287,1.9635]
[1.9635,1.96412]
[1.96412,1.96475]
[1.96475,1.96538]
[1.96538,1.96601]
[1.96601,1.96664]
[1.96664,1.96727]
[1.96727,1.96789]
[1.96789,1.96852]
[1.96852,1.96915]
[1.96915,1.96978]
[1.96978,1.97041]
[1.97041,1.97104]
[1.97104,1.97166]
[1.97166,1.97229]
[1.97229,1.97292]
[1.97292,1.97355]
[1.97355,1.97418]
[1.97418,1.97481]
[1.97481,1.97543]
[1.97543,1.97606]
[1.97606,1.97669]
[1.97669,1.97732]
[1.97732,1.97795]
[1.97795,1.97858]
[1.97858,1.9792]
[1.9792,1.97983]
[1.97983,1.98046]
[1.98046,1.98109]
[1.98109,1.98172]
[1.98172,1.98234]
[1.98234,1.98297]
[1.98297,1.9836]
[1.9836,1.98423]
[1.98423,1.98486]
[1.98486,1.98549]
[1.98549,1.98611]
[1.98611,1.98674]
[1.98674,1.98737]
[1.98737,1.988]
[1.988,1.98863]
[1.98863,1.98926]
[1.98926,1.98988]
[1.98988,1.99051]
[1.99051,1.99114]
[1.99114,1.99177]
[1.99177,1.9924]
[1.9924,1.99303]
[1.99303,1.99365]
[1.99365,1.99428]
[1.99428,1.99491]
[1.99491,1.99554]
[1.99554,1.99617]
[1.99617,1.9968]
[1.9968,1.99742]
[1.99742,1.99805]
[1.99805,1.99868]
[1.99868,1.99931]
[1.99931,1.99994]
[1.99994,2.00057]
[2.00057,2.00119]
[2.00119,2.00182]
[2.00182,2.00245]
[2.00245,2.00308]
[2.00308,2.00371]
[2.00371,2.00434]
[2.00434,2.00496]
[2.00496,2.00559]
[2.00559,2.00622]
[2.00622,2.00685]
[2.00685,2.00748]
[2.00748,2.00811]
[2.00811,2.00873]
[2.00873,2.00936]
[2.00936,2.00999]
[2.00999,2.01062]
[2.01062,2.01125]
[2.01125,2.01188]
[2.01188,2.0125]
[2.0125,2.01313]
[2.01313,2.01376]
[2.01376,2.01439]
[2.01439,2.01502]
[2.01502,2.01565]
[2.01565,2.01627]
[2.01627,2.0169]
[2.0169,2.01753]
[2.01753,2.01816]
[2.01816,2.01879]
[2.01879,2.01942]
[2.01942,2.02004]
[2.02004,2.02067]
[2.02067,2.0213]
[2.0213,2.02193]
[2.02193,2.02256]
[2.02256,2.02319]
[2.02319,2.02381]
[2.02381,2.02444]
[2.02444,2.02507]
[2.02507,2.0257]
[2.0257,2.02633]
[2.02633,2.02696]
[2.02696,2.02758]
[2.02758,2.02821]
[2.02821,2.02884]
[2.02884,2.02947]
[2.02947,2.0301]
[2.0301,2.03073]
[2.03073,2.03135]
[2.03135,2.03198]
[2.03198,2.03261]
[2.03261,2.03324]
[2.03324,2.03387]
[2.03387,2.0345]
[2.0345,2.03512]
[2.03512,2.03575]
[2.03575,2.03638]
[2.03638,2.03701]
[2.03701,2.03764]
[2.03764,2.03827]
[2.03827,2.03889]
[2.03889,2.03952]
[2.03952,2.04015]
[2.04015,2.04078]
[2.04078,2.04141]
[2.04141,2.04204]
[2.04204,2.04266]
[2.04266,2.04329]
[2.04329,2.04392]
[2.04392,2.04455]
[2.04455,2.04518]
[2.04518,2.04581]
[2.04581,2.04643]
[2.04643,2.04706]
[2.04706,2.04769]
[2.04769,2.04832]
[2.04832,2.04895]
[2.04895,2.04958]
[2.04958,2.0502]
[2.0502,2.05083]
[2.05083,2.05146]
[2.05146,2.05209]
[2.05209,2.05272]
[2.05272,2.05334]
[2.05334,2.05397]
[2.05397,2.0546]
[2.0546,2.05523]
[2.05523,2.05586]
[2.05586,2.05649]
[2.05649,2.05711]
[2.05711,2.05774]
[2.05774,2.05837]
[2.05837,2.059]
[2.059,2.05963]
[2.05963,2.06026]
[2.06026,2.06088]
[2.06088,2.06151]
[2.06151,2.06214]
[2.06214,2.06277]
[2.06277,2.0634]
[2.0634,2.06403]
[2.06403,2.06465]
[2.06465,2.06528]
[2.06528,2.06591]
[2.06591,2.06654]
[2.06654,2.06717]
[2.06717,2.0678]
[2.0678,2.06842]
[2.06842,2.06905]
[2.06905,2.06968]
[2.06968,2.07031]
[2.07031,2.07094]
[2.07094,2.07157]
[2.07157,2.07219]
[2.07219,2.07282]
[2.07282,2.07345]
[2.07345,2.07408]
[2.07408,2.07471]
[2.07471,2.07534]
[2.07534,2.07596]
[2.07596,2.07659]
[2.07659,2.07722]
[2.07722,2.07785]
[2.07785,2.07848]
[2.07848,2.07911]
[2.07911,2.07973]
[2.07973,2.08036]
[2.08036,2.08099]
[2.08099,2.08162]
[2.08162,2.08225]
[2.08225,2.08288]
[2.08288,2.0835]
[2.0835,2.08413]
[2.08413,2.08476]
[2.08476,2.08539]
[2.08539,2.08602]
[2.08602,2.08665]
[2.08665,2.08727]
[2.08727,2.0879]
[2.0879,2.08853]
[2.08853,2.08916]
[2.08916,2.08979]
[2.08979,2.09042]
[2.09042,2.09104]
[2.09104,2.09167]
[2.09167,2.0923]
[2.0923,2.09293]
[2.09293,2.09356]
[2.09356,2.09419]
[2.09419,2.09481]
[2.09481,2.09544]
[2.09544,2.09607]
[2.09607,2.0967]
[2.0967,2.09733]
[2.09733,2.09796]
[2.09796,2.09858]
[2.09858,2.09921]
[2.09921,2.09984]
[2.09984,2.10047]
[2.10047,2.1011]
[2.1011,2.10173]
[2.10173,2.10235]
[2.10235,2.10298]
[2.10298,2.10361]
[2.10361,2.10424]
[2.10424,2.10487]
[2.10487,2.1055]
[2.1055,2.10612]
[2.10612,2.10675]
[2.10675,2.10738]
[2.10738,2.10801]
[2.10801,2.10864]
[2.10864,2.10927]
[2.10927,2.10989]
[2.10989,2.11052]
[2.11052,2.11115]
[2.11115,2.11178]
[2.11178,2.11241]
[2.11241,2.11304]
[2.11304,2.11366]
[2.11366,2.11429]
[2.11429,2.11492]
[2.11492,2.11555]
[2.11555,2.11618]
[2.11618,2.11681]
[2.11681,2.11743]
[2.11743,2.11806]
[2.11806,2.11869]
[2.11869,2.11932]
[2.11932,2.11995]
[2.11995,2.12058]
[2.12058,2.1212]
[2.1212,2.12183]
[2.12183,2.12246]
[2.12246,2.12309]
[2.12309,2.12372]
[2.12372,2.12434]
[2.12434,2.12497]
[2.12497,2.1256]
[2.1256,2.12623]
[2.12623,2.12686]
[2.12686,2.12749]
[2.12749,2.12811]
[2.12811,2.12874]
[2.12874,2.12937]
[2.12937,2.13]
[2.13,2.13063]
[2.13063,2.13126]
[2.13126,2.13188]
[2.13188,2.13251]
[2.13251,2.13314]
[2.13314,2.13377]
[2.13377,2.1344]
[2.1344,2.13503]
[2.13503,2.13565]
[2.13565,2.13628]
[2.13628,2.13691]
[2.13691,2.13754]
[2.13754,2.13817]
[2.13817,2.1388]
[2.1388,2.13942]
[2.13942,2.14005]
[2.14005,2.14068]
[2.14068,2.14131]
[2.14131,2.14194]
[2.14194,2.14257]
[2.14257,2.14319]
[2.14319,2.14382]
[2.14382,2.14445]
[2.14445,2.14508]
[2.14508,2.14571]
[2.14571,2.14634]
[2.14634,2.14696]
[2.14696,2.14759]
[2.14759,2.14822]
[2.14822,2.14885]
[2.14885,2.14948]
[2.14948,2.15011]
[2.15011,2.15073]
[2.15073,2.15136]
[2.15136,2.15199]
[2.15199,2.15262]
[2.15262,2.15325]
[2.15325,2.15388]
[2.15388,2.1545]
[2.1545,2.15513]
[2.15513,2.15576]
[2.15576,2.15639]
[2.15639,2.15702]
[2.15702,2.15765]
[2.15765,2.15827]
[2.15827,2.1589]
[2.1589,2.15953]
[2.15953,2.16016]
[2.16016,2.16079]
[2.16079,2.16142]
[2.16142,2.16204]
[2.16204,2.16267]
[2.16267,2.1633]
[2.1633,2.16393]
[2.16393,2.16456]
[2.16456,2.16519]
[2.16519,2.16581]
[2.16581,2.16644]
[2.16644,2.16707]
[2.16707,2.1677]
[2.1677,2.16833]
[2.16833,2.16896]
[2.16896,2.16958]
[2.16958,2.17021]
[2.17021,2.17084]
[2.17084,2.17147]
[2.17147,2.1721]
[2.1721,2.17273]
[2.17273,2.17335]
[2.17335,2.17398]
[2.17398,2.17461]
[2.17461,2.17524]
[2.17524,2.17587]
[2.17587,2.1765]
[2.1765,2.17712]
[2.17712,2.17775]
[2.17775,2.17838]
[2.17838,2.17901]
[2.17901,2.17964]
[2.17964,2.18027]
[2.18027,2.18089]
[2.18089,2.18152]
[2.18152,2.18215]
[2.18215,2.18278]
[2.18278,2.18341]
[2.18341,2.18404]
[2.18404,2.18466]
[2.18466,2.18529]
[2.18529,2.18592]
[2.18592,2.18655]
[2.18655,2.18718]
[2.18718,2.18781]
[2.18781,2.18843]
[2.18843,2.18906]
[2.18906,2.18969]
[2.18969,2.19032]
[2.19032,2.19095]
[2.19095,2.19158]
[2.19158,2.1922]
[2.1922,2.19283]
[2.19283,2.19346]
[2.19346,2.19409]
[2.19409,2.19472]
[2.19472,2.19534]
[2.19534,2.19597]
[2.19597,2.1966]
[2.1966,2.19723]
[2.19723,2.19786]
[2.19786,2.19849]
[2.19849,2.19911]
[2.19911,2.19974]
[2.19974,2.20037]
[2.20037,2.201]
[2.201,2.20163]
[2.20163,2.20226]
[2.20226,2.20288]
[2.20288,2.20351]
[2.20351,2.20414]
[2.20414,2.20477]
[2.20477,2.2054]
[2.2054,2.20603]
[2.20603,2.20665]
[2.20665,2.20728]
[2.20728,2.20791]
[2.20791,2.20854]
[2.20854,2.20917]
[2.20917,2.2098]
[2.2098,2.21042]
[2.21042,2.21105]
[2.21105,2.21168]
[2.21168,2.21231]
[2.21231,2.21294]
[2.21294,2.21357]
[2.21357,2.21419]
[2.21419,2.21482]
[2.21482,2.21545]
[2.21545,2.21608]
[2.21608,2.21671]
[2.21671,2.21734]
[2.21734,2.21796]
[2.21796,2.21859]
[2.21859,2.21922]
[2.21922,2.21985]
[2.21985,2.22048]
[2.22048,2.22111]
[2.22111,2.22173]
[2.22173,2.22236]
[2.22236,2.22299]
[2.22299,2.22362]
[2.22362,2.22425]
[2.22425,2.22488]
[2.22488,2.2255]
[2.2255,2.22613]
[2.22613,2.22676]
[2.22676,2.22739]
[2.22739,2.22802]
[2.22802,2.22865]
[2.22865,2.22927]
[2.22927,2.2299]
[2.2299,2.23053]
[2.23053,2.23116]
[2.23116,2.23179]
[2.23179,2.23242]
[2.23242,2.23304]
[2.23304,2.23367]
[2.23367,2.2343]
[2.2343,2.23493]
[2.23493,2.23556]
[2.23556,2.23619]
[2.23619,2.23681]
[2.23681,2.23744]
[2.23744,2.23807]
[2.23807,2.2387]
[2.2387,2.23933]
[2.23933,2.23996]
[2.23996,2.24058]
[2.24058,2.24121]
[2.24121,2.24184]
[2.24184,2.24247]
[2.24247,2.2431]
[2.2431,2.24373]
[2.24373,2.24435]
[2.24435,2.24498]
[2.24498,2.24561]
[2.24561,2.24624]
[2.24624,2.24687]
[2.24687,2.2475]
[2.2475,2.24812]
[2.24812,2.24875]
[2.24875,2.24938]
[2.24938,2.25001]
[2.25001,2.25064]
[2.25064,2.25127]
[2.25127,2.25189]
[2.25189,2.25252]
[2.25252,2.25315]
[2.25315,2.25378]
[2.25378,2.25441]
[2.25441,2.25504]
[2.25504,2.25566]
[2.25566,2.25629]
[2.25629,2.25692]
[2.25692,2.25755]
[2.25755,2.25818]
[2.25818,2.25881]
[2.25881,2.25943]
[2.25943,2.26006]
[2.26006,2.26069]
[2.26069,2.26132]
[2.26132,2.26195]
[2.26195,2.26258]
[2.26258,2.2632]
[2.2632,2.26383]
[2.26383,2.26446]
[2.26446,2.26509]
[2.26509,2.26572]
[2.26572,2.26634]
[2.26634,2.26697]
[2.26697,2.2676]
[2.2676,2.26823]
[2.26823,2.26886]
[2.26886,2.26949]
[2.26949,2.27011]
[2.27011,2.27074]
[2.27074,2.27137]
[2.27137,2.272]
[2.272,2.27263]
[2.27263,2.27326]
[2.27326,2.27388]
[2.27388,2.27451]
[2.27451,2.27514]
[2.27514,2.27577]
[2.27577,2.2764]
[2.2764,2.27703]
[2.27703,2.27765]
[2.27765,2.27828]
[2.27828,2.27891]
[2.27891,2.27954]
[2.27954,2.28017]
[2.28017,2.2808]
[2.2808,2.28142]
[2.28142,2.28205]
[2.28205,2.28268]
[2.28268,2.28331]
[2.28331,2.28394]
[2.28394,2.28457]
[2.28457,2.28519]
[2.28519,2.28582]
[2.28582,2.28645]
[2.28645,2.28708]
[2.28708,2.28771]
[2.28771,2.28834]
[2.28834,2.28896]
[2.28896,2.28959]
[2.28959,2.29022]
[2.29022,2.29085]
[2.29085,2.29148]
[2.29148,2.29211]
[2.29211,2.29273]
[2.29273,2.29336]
[2.29336,2.29399]
[2.29399,2.29462]
[2.29462,2.29525]
[2.29525,2.29588]
[2.29588,2.2965]
[2.2965,2.29713]
[2.29713,2.29776]
[2.29776,2.29839]
[2.29839,2.29902]
[2.29902,2.29965]
[2.29965,2.30027]
[2.30027,2.3009]
[2.3009,2.30153]
[2.30153,2.30216]
[2.30216,2.30279]
[2.30279,2.30342]
[2.30342,2.30404]
[2.30404,2.30467]
[2.30467,2.3053]
[2.3053,2.30593]
[2.30593,2.30656]
[2.30656,2.30719]
[2.30719,2.30781]
[2.30781,2.30844]
[2.30844,2.30907]
[2.30907,2.3097]
[2.3097,2.31033]
[2.31033,2.31096]
[2.31096,2.31158]
[2.31158,2.31221]
[2.31221,2.31284]
[2.31284,2.31347]
[2.31347,2.3141]
[2.3141,2.31473]
[2.31473,2.31535]
[2.31535,2.31598]
[2.31598,2.31661]
[2.31661,2.31724]
[2.31724,2.31787]
[2.31787,2.3185]
[2.3185,2.31912]
[2.31912,2.31975]
[2.31975,2.32038]
[2.32038,2.32101]
[2.32101,2.32164]
[2.32164,2.32227]
[2.32227,2.32289]
[2.32289,2.32352]
[2.32352,2.32415]
[2.32415,2.32478]
[2.32478,2.32541]
[2.32541,2.32604]
[2.32604,2.32666]
[2.32666,2.32729]
[2.32729,2.32792]
[2.32792,2.32855]
[2.32855,2.32918]
[2.32918,2.32981]
[2.32981,2.33043]
[2.33043,2.33106]
[2.33106,2.33169]
[2.33169,2.33232]
[2.33232,2.33295]
[2.33295,2.33358]
[2.33358,2.3342]
[2.3342,2.33483]
[2.33483,2.33546]
[2.33546,2.33609]
[2.33609,2.33672]
[2.33672,2.33734]
[2.33734,2.33797]
[2.33797,2.3386]
[2.3386,2.33923]
[2.33923,2.33986]
[2.33986,2.34049]
[2.34049,2.34111]
[2.34111,2.34174]
[2.34174,2.34237]
[2.34237,2.343]
[2.343,2.34363]
[2.34363,2.34426]
[2.34426,2.34488]
[2.34488,2.34551]
[2.34551,2.34614]
[2.34614,2.34677]
[2.34677,2.3474]
[2.3474,2.34803]
[2.34803,2.34865]
[2.34865,2.34928]
[2.34928,2.34991]
[2.34991,2.35054]
[2.35054,2.35117]
[2.35117,2.3518]
[2.3518,2.35242]
[2.35242,2.35305]
[2.35305,2.35368]
[2.35368,2.35431]
[2.35431,2.35494]
[2.35494,2.35557]
[2.35557,2.35619]
[2.35619,2.35682]
[2.35682,2.35745]
[2.35745,2.35808]
[2.35808,2.35871]
[2.35871,2.35934]
[2.35934,2.35996]
[2.35996,2.36059]
[2.36059,2.36122]
[2.36122,2.36185]
[2.36185,2.36248]
[2.36248,2.36311]
[2.36311,2.36373]
[2.36373,2.36436]
[2.36436,2.36499]
[2.36499,2.36562]
[2.36562,2.36625]
[2.36625,2.36688]
[2.36688,2.3675]
[2.3675,2.36813]
[2.36813,2.36876]
[2.36876,2.36939]
[2.36939,2.37002]
[2.37002,2.37065]
[2.37065,2.37127]
[2.37127,2.3719]
[2.3719,2.37253]
[2.37253,2.37316]
[2.37316,2.37379]
[2.37379,2.37442]
[2.37442,2.37504]
[2.37504,2.37567]
[2.37567,2.3763]
[2.3763,2.37693]
[2.37693,2.37756]
[2.37756,2.37819]
[2.37819,2.37881]
[2.37881,2.37944]
[2.37944,2.38007]
[2.38007,2.3807]
[2.3807,2.38133]
[2.38133,2.38196]
[2.38196,2.38258]
[2.38258,2.38321]
[2.38321,2.38384]
[2.38384,2.38447]
[2.38447,2.3851]
[2.3851,2.38573]
[2.38573,2.38635]
[2.38635,2.38698]
[2.38698,2.38761]
[2.38761,2.38824]
[2.38824,2.38887]
[2.38887,2.3895]
[2.3895,2.39012]
[2.39012,2.39075]
[2.39075,2.39138]
[2.39138,2.39201]
[2.39201,2.39264]
[2.39264,2.39327]
[2.39327,2.39389]
[2.39389,2.39452]
[2.39452,2.39515]
[2.39515,2.39578]
[2.39578,2.39641]
[2.39641,2.39704]
[2.39704,2.39766]
[2.39766,2.39829]
[2.39829,2.39892]
[2.39892,2.39955]
[2.39955,2.40018]
[2.40018,2.40081]
[2.40081,2.40143]
[2.40143,2.40206]
[2.40206,2.40269]
[2.40269,2.40332]
[2.40332,2.40395]
[2.40395,2.40458]
[2.40458,2.4052]
[2.4052,2.40583]
[2.40583,2.40646]
[2.40646,2.40709]
[2.40709,2.40772]
[2.40772,2.40834]
[2.40834,2.40897]
[2.40897,2.4096]
[2.4096,2.41023]
[2.41023,2.41086]
[2.41086,2.41149]
[2.41149,2.41211]
[2.41211,2.41274]
[2.41274,2.41337]
[2.41337,2.414]
[2.414,2.41463]
[2.41463,2.41526]
[2.41526,2.41588]
[2.41588,2.41651]
[2.41651,2.41714]
[2.41714,2.41777]
[2.41777,2.4184]
[2.4184,2.41903]
[2.41903,2.41965]
[2.41965,2.42028]
[2.42028,2.42091]
[2.42091,2.42154]
[2.42154,2.42217]
[2.42217,2.4228]
[2.4228,2.42342]
[2.42342,2.42405]
[2.42405,2.42468]
[2.42468,2.42531]
[2.42531,2.42594]
[2.42594,2.42657]
[2.42657,2.42719]
[2.42719,2.42782]
[2.42782,2.42845]
[2.42845,2.42908]
[2.42908,2.42971]
[2.42971,2.43034]
[2.43034,2.43096]
[2.43096,2.43159]
[2.43159,2.43222]
[2.43222,2.43285]
[2.43285,2.43348]
[2.43348,2.43411]
[2.43411,2.43473]
[2.43473,2.43536]
[2.43536,2.43599]
[2.43599,2.43662]
[2.43662,2.43725]
[2.43725,2.43788]
[2.43788,2.4385]
[2.4385,2.43913]
[2.43913,2.43976]
[2.43976,2.44039]
[2.44039,2.44102]
[2.44102,2.44165]
[2.44165,2.44227]
[2.44227,2.4429]
[2.4429,2.44353]
[2.44353,2.44416]
[2.44416,2.44479]
[2.44479,2.44542]
[2.44542,2.44604]
[2.44604,2.44667]
[2.44667,2.4473]
[2.4473,2.44793]
[2.44793,2.44856]
[2.44856,2.44919]
[2.44919,2.44981]
[2.44981,2.45044]
[2.45044,2.45107]
[2.45107,2.4517]
[2.4517,2.45233]
[2.45233,2.45296]
[2.45296,2.45358]
[2.45358,2.45421]
[2.45421,2.45484]
[2.45484,2.45547]
[2.45547,2.4561]
[2.4561,2.45673]
[2.45673,2.45735]
[2.45735,2.45798]
[2.45798,2.45861]
[2.45861,2.45924]
[2.45924,2.45987]
[2.45987,2.4605]
[2.4605,2.46112]
[2.46112,2.46175]
[2.46175,2.46238]
[2.46238,2.46301]
[2.46301,2.46364]
[2.46364,2.46427]
[2.46427,2.46489]
[2.46489,2.46552]
[2.46552,2.46615]
[2.46615,2.46678]
[2.46678,2.46741]
[2.46741,2.46804]
[2.46804,2.46866]
[2.46866,2.46929]
[2.46929,2.46992]
[2.46992,2.47055]
[2.47055,2.47118]
[2.47118,2.47181]
[2.47181,2.47243]
[2.47243,2.47306]
[2.47306,2.47369]
[2.47369,2.47432]
[2.47432,2.47495]
[2.47495,2.47558]
[2.47558,2.4762]
[2.4762,2.47683]
[2.47683,2.47746]
[2.47746,2.47809]
[2.47809,2.47872]
[2.47872,2.47934]
[2.47934,2.47997]
[2.47997,2.4806]
[2.4806,2.48123]
[2.48123,2.48186]
[2.48186,2.48249]
[2.48249,2.48311]
[2.48311,2.48374]
[2.48374,2.48437]
[2.48437,2.485]
[2.485,2.48563]
[2.48563,2.48626]
[2.48626,2.48688]
[2.48688,2.48751]
[2.48751,2.48814]
[2.48814,2.48877]
[2.48877,2.4894]
[2.4894,2.49003]
[2.49003,2.49065]
[2.49065,2.49128]
[2.49128,2.49191]
[2.49191,2.49254]
[2.49254,2.49317]
[2.49317,2.4938]
[2.4938,2.49442]
[2.49442,2.49505]
[2.49505,2.49568]
[2.49568,2.49631]
[2.49631,2.49694]
[2.49694,2.49757]
[2.49757,2.49819]
[2.49819,2.49882]
[2.49882,2.49945]
[2.49945,2.50008]
[2.50008,2.50071]
[2.50071,2.50134]
[2.50134,2.50196]
[2.50196,2.50259]
[2.50259,2.50322]
[2.50322,2.50385]
[2.50385,2.50448]
[2.50448,2.50511]
[2.50511,2.50573]
[2.50573,2.50636]
[2.50636,2.50699]
[2.50699,2.50762]
[2.50762,2.50825]
[2.50825,2.50888]
[2.50888,2.5095]
[2.5095,2.51013]
[2.51013,2.51076]
[2.51076,2.51139]
[2.51139,2.51202]
[2.51202,2.51265]
[2.51265,2.51327]
[2.51327,2.5139]
[2.5139,2.51453]
[2.51453,2.51516]
[2.51516,2.51579]
[2.51579,2.51642]
[2.51642,2.51704]
[2.51704,2.51767]
[2.51767,2.5183]
[2.5183,2.51893]
[2.51893,2.51956]
[2.51956,2.52019]
[2.52019,2.52081]
[2.52081,2.52144]
[2.52144,2.52207]
[2.52207,2.5227]
[2.5227,2.52333]
[2.52333,2.52396]
[2.52396,2.52458]
[2.52458,2.52521]
[2.52521,2.52584]
[2.52584,2.52647]
[2.52647,2.5271]
[2.5271,2.52773]
[2.52773,2.52835]
[2.52835,2.52898]
[2.52898,2.52961]
[2.52961,2.53024]
[2.53024,2.53087]
[2.53087,2.5315]
[2.5315,2.53212]
[2.53212,2.53275]
[2.53275,2.53338]
[2.53338,2.53401]
[2.53401,2.53464]
[2.53464,2.53527]
[2.53527,2.53589]
[2.53589,2.53652]
[2.53652,2.53715]
[2.53715,2.53778]
[2.53778,2.53841]
[2.53841,2.53904]
[2.53904,2.53966]
[2.53966,2.54029]
[2.54029,2.54092]
[2.54092,2.54155]
[2.54155,2.54218]
[2.54218,2.54281]
[2.54281,2.54343]
[2.54343,2.54406]
[2.54406,2.54469]
[2.54469,2.54532]
[2.54532,2.54595]
[2.54595,2.54658]
[2.54658,2.5472]
[2.5472,2.54783]
[2.54783,2.54846]
[2.54846,2.54909]
[2.54909,2.54972]
[2.54972,2.55034]
[2.55034,2.55097]
[2.55097,2.5516]
[2.5516,2.55223]
[2.55223,2.55286]
[2.55286,2.55349]
[2.55349,2.55411]
[2.55411,2.55474]
[2.55474,2.55537]
[2.55537,2.556]
[2.556,2.55663]
[2.55663,2.55726]
[2.55726,2.55788]
[2.55788,2.55851]
[2.55851,2.55914]
[2.55914,2.55977]
[2.55977,2.5604]
[2.5604,2.56103]
[2.56103,2.56165]
[2.56165,2.56228]
[2.56228,2.56291]
[2.56291,2.56354]
[2.56354,2.56417]
[2.56417,2.5648]
[2.5648,2.56542]
[2.56542,2.56605]
[2.56605,2.56668]
[2.56668,2.56731]
[2.56731,2.56794]
[2.56794,2.56857]
[2.56857,2.56919]
[2.56919,2.56982]
[2.56982,2.57045]
[2.57045,2.57108]
[2.57108,2.57171]
[2.57171,2.57234]
[2.57234,2.57296]
[2.57296,2.57359]
[2.57359,2.57422]
[2.57422,2.57485]
[2.57485,2.57548]
[2.57548,2.57611]
[2.57611,2.57673]
[2.57673,2.57736]
[2.57736,2.57799]
[2.57799,2.57862]
[2.57862,2.57925]
[2.57925,2.57988]
[2.57988,2.5805]
[2.5805,2.58113]
[2.58113,2.58176]
[2.58176,2.58239]
[2.58239,2.58302]
[2.58302,2.58365]
[2.58365,2.58427]
[2.58427,2.5849]
[2.5849,2.58553]
[2.58553,2.58616]
[2.58616,2.58679]
[2.58679,2.58742]
[2.58742,2.58804]
[2.58804,2.58867]
[2.58867,2.5893]
[2.5893,2.58993]
[2.58993,2.59056]
[2.59056,2.59119]
[2.59119,2.59181]
[2.59181,2.59244]
[2.59244,2.59307]
[2.59307,2.5937]
[2.5937,2.59433]
[2.59433,2.59496]
[2.59496,2.59558]
[2.59558,2.59621]
[2.59621,2.59684]
[2.59684,2.59747]
[2.59747,2.5981]
[2.5981,2.59873]
[2.59873,2.59935]
[2.59935,2.59998]
[2.59998,2.60061]
[2.60061,2.60124]
[2.60124,2.60187]
[2.60187,2.6025]
[2.6025,2.60312]
[2.60312,2.60375]
[2.60375,2.60438]
[2.60438,2.60501]
[2.60501,2.60564]
[2.60564,2.60627]
[2.60627,2.60689]
[2.60689,2.60752]
[2.60752,2.60815]
[2.60815,2.60878]
[2.60878,2.60941]
[2.60941,2.61004]
[2.61004,2.61066]
[2.61066,2.61129]
[2.61129,2.61192]
[2.61192,2.61255]
[2.61255,2.61318]
[2.61318,2.61381]
[2.61381,2.61443]
[2.61443,2.61506]
[2.61506,2.61569]
[2.61569,2.61632]
[2.61632,2.61695]
[2.61695,2.61758]
[2.61757,2.6182]
[2.6182,2.61883]
[2.61883,2.61946]
[2.61946,2.62009]
[2.62009,2.62072]
[2.62072,2.62134]
[2.62134,2.62197]
[2.62197,2.6226]
[2.6226,2.62323]
[2.62323,2.62386]
[2.62386,2.62449]
[2.62449,2.62511]
[2.62511,2.62574]
[2.62574,2.62637]
[2.62637,2.627]
[2.627,2.62763]
[2.62763,2.62826]
[2.62826,2.62888]
[2.62888,2.62951]
[2.62951,2.63014]
[2.63014,2.63077]
[2.63077,2.6314]
[2.6314,2.63203]
[2.63203,2.63265]
[2.63265,2.63328]
[2.63328,2.63391]
[2.63391,2.63454]
[2.63454,2.63517]
[2.63517,2.6358]
[2.6358,2.63642]
[2.63642,2.63705]
[2.63705,2.63768]
[2.63768,2.63831]
[2.63831,2.63894]
[2.63894,2.63957]
[2.63957,2.64019]
[2.64019,2.64082]
[2.64082,2.64145]
[2.64145,2.64208]
[2.64208,2.64271]
[2.64271,2.64334]
[2.64334,2.64396]
[2.64396,2.64459]
[2.64459,2.64522]
[2.64522,2.64585]
[2.64585,2.64648]
[2.64648,2.64711]
[2.64711,2.64773]
[2.64773,2.64836]
[2.64836,2.64899]
[2.64899,2.64962]
[2.64962,2.65025]
[2.65025,2.65088]
[2.65088,2.6515]
[2.6515,2.65213]
[2.65213,2.65276]
[2.65276,2.65339]
[2.65339,2.65402]
[2.65402,2.65465]
[2.65465,2.65527]
[2.65527,2.6559]
[2.6559,2.65653]
[2.65653,2.65716]
[2.65716,2.65779]
[2.65779,2.65842]
[2.65842,2.65904]
[2.65904,2.65967]
[2.65967,2.6603]
[2.6603,2.66093]
[2.66093,2.66156]
[2.66156,2.66219]
[2.66219,2.66281]
[2.66281,2.66344]
[2.66344,2.66407]
[2.66407,2.6647]
[2.6647,2.66533]
[2.66533,2.66596]
[2.66596,2.66658]
[2.66658,2.66721]
[2.66721,2.66784]
[2.66784,2.66847]
[2.66847,2.6691]
[2.6691,2.66973]
[2.66973,2.67035]
[2.67035,2.67098]
[2.67098,2.67161]
[2.67161,2.67224]
[2.67224,2.67287]
[2.67287,2.6735]
[2.6735,2.67412]
[2.67412,2.67475]
[2.67475,2.67538]
[2.67538,2.67601]
[2.67601,2.67664]
[2.67664,2.67727]
[2.67727,2.67789]
[2.67789,2.67852]
[2.67852,2.67915]
[2.67915,2.67978]
[2.67978,2.68041]
[2.68041,2.68104]
[2.68104,2.68166]
[2.68166,2.68229]
[2.68229,2.68292]
[2.68292,2.68355]
[2.68355,2.68418]
[2.68418,2.68481]
[2.68481,2.68543]
[2.68543,2.68606]
[2.68606,2.68669]
[2.68669,2.68732]
[2.68732,2.68795]
[2.68795,2.68858]
[2.68857,2.6892]
[2.6892,2.68983]
[2.68983,2.69046]
[2.69046,2.69109]
[2.69109,2.69172]
[2.69172,2.69234]
[2.69234,2.69297]
[2.69297,2.6936]
[2.6936,2.69423]
[2.69423,2.69486]
[2.69486,2.69549]
[2.69549,2.69611]
[2.69611,2.69674]
[2.69674,2.69737]
[2.69737,2.698]
[2.698,2.69863]
[2.69863,2.69926]
[2.69926,2.69988]
[2.69988,2.70051]
[2.70051,2.70114]
[2.70114,2.70177]
[2.70177,2.7024]
[2.7024,2.70303]
[2.70303,2.70365]
[2.70365,2.70428]
[2.70428,2.70491]
[2.70491,2.70554]
[2.70554,2.70617]
[2.70617,2.7068]
[2.7068,2.70742]
[2.70742,2.70805]
[2.70805,2.70868]
[2.70868,2.70931]
[2.70931,2.70994]
[2.70994,2.71057]
[2.71057,2.71119]
[2.71119,2.71182]
[2.71182,2.71245]
[2.71245,2.71308]
[2.71308,2.71371]
[2.71371,2.71434]
[2.71434,2.71496]
[2.71496,2.71559]
[2.71559,2.71622]
[2.71622,2.71685]
[2.71685,2.71748]
[2.71748,2.71811]
[2.71811,2.71873]
[2.71873,2.71936]
[2.71936,2.71999]
[2.71999,2.72062]
[2.72062,2.72125]
[2.72125,2.72188]
[2.72188,2.7225]
[2.7225,2.72313]
[2.72313,2.72376]
[2.72376,2.72439]
[2.72439,2.72502]
[2.72502,2.72565]
[2.72565,2.72627]
[2.72627,2.7269]
[2.7269,2.72753]
[2.72753,2.72816]
[2.72816,2.72879]
[2.72879,2.72942]
[2.72942,2.73004]
[2.73004,2.73067]
[2.73067,2.7313]
[2.7313,2.73193]
[2.73193,2.73256]
[2.73256,2.73319]
[2.73319,2.73381]
[2.73381,2.73444]
[2.73444,2.73507]
[2.73507,2.7357]
[2.7357,2.73633]
[2.73633,2.73696]
[2.73696,2.73758]
[2.73758,2.73821]
[2.73821,2.73884]
[2.73884,2.73947]
[2.73947,2.7401]
[2.7401,2.74073]
[2.74073,2.74135]
[2.74135,2.74198]
[2.74198,2.74261]
[2.74261,2.74324]
[2.74324,2.74387]
[2.74387,2.7445]
[2.7445,2.74512]
[2.74512,2.74575]
[2.74575,2.74638]
[2.74638,2.74701]
[2.74701,2.74764]
[2.74764,2.74827]
[2.74827,2.74889]
[2.74889,2.74952]
[2.74952,2.75015]
[2.75015,2.75078]
[2.75078,2.75141]
[2.75141,2.75204]
[2.75204,2.75266]
[2.75266,2.75329]
[2.75329,2.75392]
[2.75392,2.75455]
[2.75455,2.75518]
[2.75518,2.75581]
[2.75581,2.75643]
[2.75643,2.75706]
[2.75706,2.75769]
[2.75769,2.75832]
[2.75832,2.75895]
[2.75895,2.75957]
[2.75957,2.7602]
[2.7602,2.76083]
[2.76083,2.76146]
[2.76146,2.76209]
[2.76209,2.76272]
[2.76272,2.76334]
[2.76334,2.76397]
[2.76397,2.7646]
[2.7646,2.76523]
[2.76523,2.76586]
[2.76586,2.76649]
[2.76649,2.76711]
[2.76711,2.76774]
[2.76774,2.76837]
[2.76837,2.769]
[2.769,2.76963]
[2.76963,2.77026]
[2.77026,2.77088]
[2.77088,2.77151]
[2.77151,2.77214]
[2.77214,2.77277]
[2.77277,2.7734]
[2.7734,2.77403]
[2.77403,2.77465]
[2.77465,2.77528]
[2.77528,2.77591]
[2.77591,2.77654]
[2.77654,2.77717]
[2.77717,2.7778]
[2.7778,2.77842]
[2.77842,2.77905]
[2.77905,2.77968]
[2.77968,2.78031]
[2.78031,2.78094]
[2.78094,2.78157]
[2.78157,2.78219]
[2.78219,2.78282]
[2.78282,2.78345]
[2.78345,2.78408]
[2.78408,2.78471]
[2.78471,2.78534]
[2.78534,2.78596]
[2.78596,2.78659]
[2.78659,2.78722]
[2.78722,2.78785]
[2.78785,2.78848]
[2.78848,2.78911]
[2.78911,2.78973]
[2.78973,2.79036]
[2.79036,2.79099]
[2.79099,2.79162]
[2.79162,2.79225]
[2.79225,2.79288]
[2.79288,2.7935]
[2.7935,2.79413]
[2.79413,2.79476]
[2.79476,2.79539]
[2.79539,2.79602]
[2.79602,2.79665]
[2.79665,2.79727]
[2.79727,2.7979]
[2.7979,2.79853]
[2.79853,2.79916]
[2.79916,2.79979]
[2.79979,2.80042]
[2.80042,2.80104]
[2.80104,2.80167]
[2.80167,2.8023]
[2.8023,2.80293]
[2.80293,2.80356]
[2.80356,2.80419]
[2.80419,2.80481]
[2.80481,2.80544]
[2.80544,2.80607]
[2.80607,2.8067]
[2.8067,2.80733]
[2.80733,2.80796]
[2.80796,2.80858]
[2.80858,2.80921]
[2.80921,2.80984]
[2.80984,2.81047]
[2.81047,2.8111]
[2.8111,2.81173]
[2.81173,2.81235]
[2.81235,2.81298]
[2.81298,2.81361]
[2.81361,2.81424]
[2.81424,2.81487]
[2.81487,2.8155]
[2.8155,2.81612]
[2.81612,2.81675]
[2.81675,2.81738]
[2.81738,2.81801]
[2.81801,2.81864]
[2.81864,2.81927]
[2.81927,2.81989]
[2.81989,2.82052]
[2.82052,2.82115]
[2.82115,2.82178]
[2.82178,2.82241]
[2.82241,2.82304]
[2.82304,2.82366]
[2.82366,2.82429]
[2.82429,2.82492]
[2.82492,2.82555]
[2.82555,2.82618]
[2.82618,2.82681]
[2.82681,2.82743]
[2.82743,2.82806]
[2.82806,2.82869]
[2.82869,2.82932]
[2.82932,2.82995]
[2.82995,2.83057]
[2.83057,2.8312]
[2.8312,2.83183]
[2.83183,2.83246]
[2.83246,2.83309]
[2.83309,2.83372]
[2.83372,2.83434]
[2.83434,2.83497]
[2.83497,2.8356]
[2.8356,2.83623]
[2.83623,2.83686]
[2.83686,2.83749]
[2.83749,2.83811]
[2.83811,2.83874]
[2.83874,2.83937]
[2.83937,2.84]
[2.84,2.84063]
[2.84063,2.84126]
[2.84126,2.84188]
[2.84188,2.84251]
[2.84251,2.84314]
[2.84314,2.84377]
[2.84377,2.8444]
[2.8444,2.84503]
[2.84503,2.84565]
[2.84565,2.84628]
[2.84628,2.84691]
[2.84691,2.84754]
[2.84754,2.84817]
[2.84817,2.8488]
[2.8488,2.84942]
[2.84942,2.85005]
[2.85005,2.85068]
[2.85068,2.85131]
[2.85131,2.85194]
[2.85194,2.85257]
[2.85257,2.85319]
[2.85319,2.85382]
[2.85382,2.85445]
[2.85445,2.85508]
[2.85508,2.85571]
[2.85571,2.85634]
[2.85634,2.85696]
[2.85696,2.85759]
[2.85759,2.85822]
[2.85822,2.85885]
[2.85885,2.85948]
[2.85948,2.86011]
[2.86011,2.86073]
[2.86073,2.86136]
[2.86136,2.86199]
[2.86199,2.86262]
[2.86262,2.86325]
[2.86325,2.86388]
[2.86388,2.8645]
[2.8645,2.86513]
[2.86513,2.86576]
[2.86576,2.86639]
[2.86639,2.86702]
[2.86702,2.86765]
[2.86765,2.86827]
[2.86827,2.8689]
[2.8689,2.86953]
[2.86953,2.87016]
[2.87016,2.87079]
[2.87079,2.87142]
[2.87142,2.87204]
[2.87204,2.87267]
[2.87267,2.8733]
[2.8733,2.87393]
[2.87393,2.87456]
[2.87456,2.87519]
[2.87519,2.87581]
[2.87581,2.87644]
[2.87644,2.87707]
[2.87707,2.8777]
[2.8777,2.87833]
[2.87833,2.87896]
[2.87896,2.87958]
[2.87958,2.88021]
[2.88021,2.88084]
[2.88084,2.88147]
[2.88147,2.8821]
[2.8821,2.88273]
[2.88273,2.88335]
[2.88335,2.88398]
[2.88398,2.88461]
[2.88461,2.88524]
[2.88524,2.88587]
[2.88587,2.8865]
[2.8865,2.88712]
[2.88712,2.88775]
[2.88775,2.88838]
[2.88838,2.88901]
[2.88901,2.88964]
[2.88964,2.89027]
[2.89027,2.89089]
[2.89089,2.89152]
[2.89152,2.89215]
[2.89215,2.89278]
[2.89278,2.89341]
[2.89341,2.89404]
[2.89404,2.89466]
[2.89466,2.89529]
[2.89529,2.89592]
[2.89592,2.89655]
[2.89655,2.89718]
[2.89718,2.89781]
[2.89781,2.89843]
[2.89843,2.89906]
[2.89906,2.89969]
[2.89969,2.90032]
[2.90032,2.90095]
[2.90095,2.90157]
[2.90157,2.9022]
[2.9022,2.90283]
[2.90283,2.90346]
[2.90346,2.90409]
[2.90409,2.90472]
[2.90472,2.90534]
[2.90534,2.90597]
[2.90597,2.9066]
[2.9066,2.90723]
[2.90723,2.90786]
[2.90786,2.90849]
[2.90849,2.90911]
[2.90911,2.90974]
[2.90974,2.91037]
[2.91037,2.911]
[2.911,2.91163]
[2.91163,2.91226]
[2.91226,2.91288]
[2.91288,2.91351]
[2.91351,2.91414]
[2.91414,2.91477]
[2.91477,2.9154]
[2.9154,2.91603]
[2.91603,2.91665]
[2.91665,2.91728]
[2.91728,2.91791]
[2.91791,2.91854]
[2.91854,2.91917]
[2.91917,2.9198]
[2.9198,2.92042]
[2.92042,2.92105]
[2.92105,2.92168]
[2.92168,2.92231]
[2.92231,2.92294]
[2.92294,2.92357]
[2.92357,2.92419]
[2.92419,2.92482]
[2.92482,2.92545]
[2.92545,2.92608]
[2.92608,2.92671]
[2.92671,2.92734]
[2.92734,2.92796]
[2.92796,2.92859]
[2.92859,2.92922]
[2.92922,2.92985]
[2.92985,2.93048]
[2.93048,2.93111]
[2.93111,2.93173]
[2.93173,2.93236]
[2.93236,2.93299]
[2.93299,2.93362]
[2.93362,2.93425]
[2.93425,2.93488]
[2.93488,2.9355]
[2.9355,2.93613]
[2.93613,2.93676]
[2.93676,2.93739]
[2.93739,2.93802]
[2.93802,2.93865]
[2.93865,2.93927]
[2.93927,2.9399]
[2.9399,2.94053]
[2.94053,2.94116]
[2.94116,2.94179]
[2.94179,2.94242]
[2.94242,2.94304]
[2.94304,2.94367]
[2.94367,2.9443]
[2.9443,2.94493]
[2.94493,2.94556]
[2.94556,2.94619]
[2.94619,2.94681]
[2.94681,2.94744]
[2.94744,2.94807]
[2.94807,2.9487]
[2.9487,2.94933]
[2.94933,2.94996]
[2.94996,2.95058]
[2.95058,2.95121]
[2.95121,2.95184]
[2.95184,2.95247]
[2.95247,2.9531]
[2.9531,2.95373]
[2.95373,2.95435]
[2.95435,2.95498]
[2.95498,2.95561]
[2.95561,2.95624]
[2.95624,2.95687]
[2.95687,2.9575]
[2.9575,2.95812]
[2.95812,2.95875]
[2.95875,2.95938]
[2.95938,2.96001]
[2.96001,2.96064]
[2.96064,2.96127]
[2.96127,2.96189]
[2.96189,2.96252]
[2.96252,2.96315]
[2.96315,2.96378]
[2.96378,2.96441]
[2.96441,2.96504]
[2.96504,2.96566]
[2.96566,2.96629]
[2.96629,2.96692]
[2.96692,2.96755]
[2.96755,2.96818]
[2.96818,2.96881]
[2.96881,2.96943]
[2.96943,2.97006]
[2.97006,2.97069]
[2.97069,2.97132]
[2.97132,2.97195]
[2.97195,2.97257]
[2.97257,2.9732]
[2.9732,2.97383]
[2.97383,2.97446]
[2.97446,2.97509]
[2.97509,2.97572]
[2.97572,2.97634]
[2.97634,2.97697]
[2.97697,2.9776]
[2.9776,2.97823]
[2.97823,2.97886]
[2.97886,2.97949]
[2.97949,2.98011]
[2.98011,2.98074]
[2.98074,2.98137]
[2.98137,2.982]
[2.982,2.98263]
[2.98263,2.98326]
[2.98326,2.98388]
[2.98388,2.98451]
[2.98451,2.98514]
[2.98514,2.98577]
[2.98577,2.9864]
[2.9864,2.98703]
[2.98703,2.98765]
[2.98765,2.98828]
[2.98828,2.98891]
[2.98891,2.98954]
[2.98954,2.99017]
[2.99017,2.9908]
[2.9908,2.99142]
[2.99142,2.99205]
[2.99205,2.99268]
[2.99268,2.99331]
[2.99331,2.99394]
[2.99394,2.99457]
[2.99457,2.99519]
[2.99519,2.99582]
[2.99582,2.99645]
[2.99645,2.99708]
[2.99708,2.99771]
[2.99771,2.99834]
[2.99834,2.99896]
[2.99896,2.99959]
[2.99959,3.00022]
[3.00022,3.00085]
[3.00085,3.00148]
[3.00148,3.00211]
[3.00211,3.00273]
[3.00273,3.00336]
[3.00336,3.00399]
[3.00399,3.00462]
[3.00462,3.00525]
[3.00525,3.00588]
[3.00588,3.0065]
[3.0065,3.00713]
[3.00713,3.00776]
[3.00776,3.00839]
[3.00839,3.00902]
[3.00902,3.00965]
[3.00965,3.01027]
[3.01027,3.0109]
[3.0109,3.01153]
[3.01153,3.01216]
[3.01216,3.01279]
[3.01279,3.01342]
[3.01342,3.01404]
[3.01404,3.01467]
[3.01467,3.0153]
[3.0153,3.01593]
[3.01593,3.01656]
[3.01656,3.01719]
[3.01719,3.01781]
[3.01781,3.01844]
[3.01844,3.01907]
[3.01907,3.0197]
[3.0197,3.02033]
[3.02033,3.02096]
[3.02096,3.02158]
[3.02158,3.02221]
[3.02221,3.02284]
[3.02284,3.02347]
[3.02347,3.0241]
[3.0241,3.02473]
[3.02473,3.02535]
[3.02535,3.02598]
[3.02598,3.02661]
[3.02661,3.02724]
[3.02724,3.02787]
[3.02787,3.0285]
[3.0285,3.02912]
[3.02912,3.02975]
[3.02975,3.03038]
[3.03038,3.03101]
[3.03101,3.03164]
[3.03164,3.03227]
[3.03227,3.03289]
[3.03289,3.03352]
[3.03352,3.03415]
[3.03415,3.03478]
[3.03478,3.03541]
[3.03541,3.03604]
[3.03604,3.03666]
[3.03666,3.03729]
[3.03729,3.03792]
[3.03792,3.03855]
[3.03855,3.03918]
[3.03918,3.03981]
[3.03981,3.04043]
[3.04043,3.04106]
[3.04106,3.04169]
[3.04169,3.04232]
[3.04232,3.04295]
[3.04295,3.04357]
[3.04357,3.0442]
[3.0442,3.04483]
[3.04483,3.04546]
[3.04546,3.04609]
[3.04609,3.04672]
[3.04672,3.04734]
[3.04734,3.04797]
[3.04797,3.0486]
[3.0486,3.04923]
[3.04923,3.04986]
[3.04986,3.05049]
[3.05049,3.05111]
[3.05111,3.05174]
[3.05174,3.05237]
[3.05237,3.053]
[3.053,3.05363]
[3.05363,3.05426]
[3.05426,3.05488]
[3.05488,3.05551]
[3.05551,3.05614]
[3.05614,3.05677]
[3.05677,3.0574]
[3.0574,3.05803]
[3.05803,3.05865]
[3.05865,3.05928]
[3.05928,3.05991]
[3.05991,3.06054]
[3.06054,3.06117]
[3.06117,3.0618]
[3.0618,3.06242]
[3.06242,3.06305]
[3.06305,3.06368]
[3.06368,3.06431]
[3.06431,3.06494]
[3.06494,3.06557]
[3.06557,3.06619]
[3.06619,3.06682]
[3.06682,3.06745]
[3.06745,3.06808]
[3.06808,3.06871]
[3.06871,3.06934]
[3.06934,3.06996]
[3.06996,3.07059]
[3.07059,3.07122]
[3.07122,3.07185]
[3.07185,3.07248]
[3.07248,3.07311]
[3.07311,3.07373]
[3.07373,3.07436]
[3.07436,3.07499]
[3.07499,3.07562]
[3.07562,3.07625]
[3.07625,3.07688]
[3.07688,3.0775]
[3.0775,3.07813]
[3.07813,3.07876]
[3.07876,3.07939]
[3.07939,3.08002]
[3.08002,3.08065]
[3.08065,3.08127]
[3.08127,3.0819]
[3.0819,3.08253]
[3.08253,3.08316]
[3.08316,3.08379]
[3.08379,3.08442]
[3.08442,3.08504]
[3.08504,3.08567]
[3.08567,3.0863]
[3.0863,3.08693]
[3.08693,3.08756]
[3.08756,3.08819]
[3.08819,3.08881]
[3.08881,3.08944]
[3.08944,3.09007]
[3.09007,3.0907]
[3.0907,3.09133]
[3.09133,3.09196]
[3.09196,3.09258]
[3.09258,3.09321]
[3.09321,3.09384]
[3.09384,3.09447]
[3.09447,3.0951]
[3.0951,3.09573]
[3.09573,3.09635]
[3.09635,3.09698]
[3.09698,3.09761]
[3.09761,3.09824]
[3.09824,3.09887]
[3.09887,3.0995]
[3.0995,3.10012]
[3.10012,3.10075]
[3.10075,3.10138]
[3.10138,3.10201]
[3.10201,3.10264]
[3.10264,3.10327]
[3.10327,3.10389]
[3.10389,3.10452]
[3.10452,3.10515]
[3.10515,3.10578]
[3.10578,3.10641]
[3.10641,3.10704]
[3.10704,3.10766]
[3.10766,3.10829]
[3.10829,3.10892]
[3.10892,3.10955]
[3.10955,3.11018]
[3.11018,3.11081]
[3.11081,3.11143]
[3.11143,3.11206]
[3.11206,3.11269]
[3.11269,3.11332]
[3.11332,3.11395]
[3.11395,3.11457]
[3.11457,3.1152]
[3.1152,3.11583]
[3.11583,3.11646]
[3.11646,3.11709]
[3.11709,3.11772]
[3.11772,3.11834]
[3.11834,3.11897]
[3.11897,3.1196]
[3.1196,3.12023]
[3.12023,3.12086]
[3.12086,3.12149]
[3.12149,3.12211]
[3.12211,3.12274]
[3.12274,3.12337]
[3.12337,3.124]
[3.124,3.12463]
[3.12463,3.12526]
[3.12526,3.12588]
[3.12588,3.12651]
[3.12651,3.12714]
[3.12714,3.12777]
[3.12777,3.1284]
[3.1284,3.12903]
[3.12903,3.12965]
[3.12965,3.13028]
[3.13028,3.13091]
[3.13091,3.13154]
[3.13154,3.13217]
[3.13217,3.1328]
[3.1328,3.13342]
[3.13342,3.13405]
[3.13405,3.13468]
[3.13468,3.13531]
[3.13531,3.13594]
[3.13594,3.13657]
[3.13657,3.13719]
[3.13719,3.13782]
[3.13782,3.13845]
[3.13845,3.13908]
[3.13908,3.13971]
[3.13971,3.14034]
[3.14034,3.14096]
[3.14096,3.14159]
[3.14159,3.14222]
[3.14222,3.14285]
[3.14285,3.14348]
[3.14348,3.14411]
[3.14411,3.14473]
[3.14473,3.14536]
[3.14536,3.14599]
[3.14599,3.14662]
[3.14662,3.14725]
[3.14725,3.14788]
[3.14788,3.1485]
[3.1485,3.14913]
[3.14913,3.14976]
[3.14976,3.15039]
[3.15039,3.15102]
[3.15102,3.15165]
[3.15165,3.15227]
[3.15227,3.1529]
[3.1529,3.15353]
[3.15353,3.15416]
[3.15416,3.15479]
[3.15479,3.15542]
[3.15542,3.15604]
[3.15604,3.15667]
[3.15667,3.1573]
[3.1573,3.15793]
