[-7.82354,-7.0737]
[-7.8406,-7.08961]
[-7.85771,-7.10557]
[-7.8749,-7.1216]
[-7.89215,-7.13768]
[-7.90946,-7.15382]
[-7.92684,-7.17003]
[-7.94429,-7.18629]
[-7.96181,-7.20261]
[-7.97939,-7.21899]
[-7.99704,-7.23542]
[-8.01476,-7.25192]
[-8.03254,-7.26849]
[-8.0504,-7.28511]
[-8.06832,-7.30179]
[-8.08632,-7.31853]
[-8.10438,-7.33534]
[-8.12252,-7.35221]
[-8.14072,-7.36914]
[-8.159,-7.38614]
[-8.17734,-7.40319]
[-8.19576,-7.42032]
[-8.21425,-7.4375]
[-8.23282,-7.45475]
[-8.25145,-7.47206]
[-8.27016,-7.48944]
[-8.28895,-7.50689]
[-8.30781,-7.5244]
[-8.32674,-7.54197]
[-8.34575,-7.55962]
[-8.36483,-7.57733]
[-8.38399,-7.5951]
[-8.40323,-7.61295]
[-8.42254,-7.63086]
[-6.84009,-5.95053]
[-6.82433,-5.93649]
[-6.80863,-5.9225]
[-6.793,-5.90857]
[-6.77744,-5.89469]
[-6.76194,-5.88087]
[-6.74651,-5.86711]
[-6.73115,-5.8534]
[-6.71584,-5.83974]
[-6.70061,-5.82614]
[-6.68543,-5.8126]
[-6.67032,-5.7991]
[-6.65527,-5.78566]
[-6.64029,-5.77227]
[-6.62536,-5.75894]
[-6.6105,-5.74566]
[-6.5957,-5.73243]
[-6.58097,-5.71925]
[-6.56629,-5.70612]
[-6.55167,-5.69304]
[-6.53712,-5.68002]
[-6.52262,-5.66705]
[-6.50818,-5.65412]
[-6.4938,-5.64125]
[-6.47948,-5.62842]
[-6.46522,-5.61565]
[-6.45102,-5.60293]
[-6.43688,-5.59025]
[-6.42279,-5.57762]
[-6.40876,-5.56505]
[-6.39479,-5.55252]
[-6.38087,-5.54003]
[-6.36701,-5.5276]
[-6.35321,-5.51521]
[-6.33946,-5.50288]
[-6.32576,-5.49058]
[-6.31213,-5.47834]
[-6.29854,-5.46614]
[-6.28501,-5.45399]
[-6.27154,-5.44188]
[-6.25812,-5.42982]
[-6.24475,-5.41781]
[-6.23143,-5.40584]
[-6.21817,-5.39391]
[-6.20496,-5.38203]
[-6.19181,-5.3702]
[-6.1787,-5.35841]
[-6.16565,-5.34666]
[-6.15265,-5.33496]
[-6.1397,-5.3233]
[-6.1268,-5.31169]
[-6.11395,-5.30012]
[-6.10115,-5.28859]
[-6.0884,-5.2771]
[-6.0757,-5.26566]
[-6.06305,-5.25426]
[-6.05045,-5.2429]
[-6.0379,-5.23159]
[-6.0254,-5.22031]
[-6.01295,-5.20908]
[-6.00054,-5.19789]
[-5.98818,-5.18673]
[-5.97587,-5.17562]
[-5.96361,-5.16456]
[-5.9514,-5.15353]
[-5.93923,-5.14254]
[-5.9271,-5.13159]
[-5.91503,-5.12068]
[-5.903,-5.10981]
[-5.89102,-5.09898]
[-5.87908,-5.08819]
[-5.86719,-5.07744]
[-5.85534,-5.06673]
[-5.84354,-5.05606]
[-5.83178,-5.04542]
[-5.82007,-5.03482]
[-5.8084,-5.02426]
[-5.79678,-5.01374]
[-5.78519,-5.00326]
[-5.77366,-4.99281]
[-5.76216,-4.98241]
[-5.75071,-4.97203]
[-5.73931,-4.9617]
[-5.72794,-4.9514]
[-5.71662,-4.94114]
[-5.70534,-4.93092]
[-5.6941,-4.92073]
[-5.6829,-4.91058]
[-5.67174,-4.90046]
[-5.66063,-4.89038]
[-5.64956,-4.88033]
[-5.63853,-4.87032]
[-5.62753,-4.86035]
[-5.61658,-4.85041]
[-5.60567,-4.8405]
[-5.5948,-4.83063]
[-5.58397,-4.8208]
[-5.57318,-4.811]
[-5.56243,-4.80123]
[-5.55171,-4.79149]
[-5.54104,-4.78179]
[-5.53041,-4.77213]
[-5.51981,-4.7625]
[-5.50925,-4.7529]
[-5.49873,-4.74333]
[-5.48825,-4.7338]
[-5.47781,-4.7243]
[-5.4674,-4.71483]
[-5.45703,-4.70539]
[-5.4467,-4.69599]
[-5.43641,-4.68662]
[-5.42615,-4.67728]
[-5.41593,-4.66797]
[-5.40575,-4.6587]
[-5.3956,-4.64945]
[-5.38549,-4.64024]
[-5.37541,-4.63106]
[-5.36537,-4.62191]
[-5.35537,-4.61279]
[-5.3454,-4.6037]
[-5.33546,-4.59464]
[-5.32557,-4.58562]
[-5.3157,-4.57662]
[-5.30587,-4.56765]
[-5.29608,-4.55872]
[-5.28632,-4.54981]
[-5.27659,-4.54093]
[-5.2669,-4.53209]
[-5.25724,-4.52327]
[-5.24762,-4.51448]
[-5.23803,-4.50572]
[-5.22847,-4.49699]
[-5.21895,-4.48829]
[-5.20946,-4.47962]
[-5.2,-4.47097]
[-5.19057,-4.46236]
[-5.18118,-4.45377]
[-5.17182,-4.44522]
[-5.16249,-4.43668]
[-5.15319,-4.42818]
[-5.14393,-4.41971]
[-5.1347,-4.41126]
[-5.1255,-4.40284]
[-5.11633,-4.39445]
[-5.10719,-4.38609]
[-5.09808,-4.37775]
[-5.089,-4.36944]
[-5.07996,-4.36116]
[-5.07094,-4.3529]
[-5.06196,-4.34467]
[-5.05301,-4.33647]
[-5.04408,-4.32829]
[-5.03519,-4.32014]
[-5.02633,-4.31202]
[-5.01749,-4.30392]
[-5.00869,-4.29585]
[-4.99991,-4.28781]
[-4.99117,-4.27979]
[-4.98245,-4.27179]
[-4.97377,-4.26382]
[-4.96511,-4.25588]
[-4.95648,-4.24796]
[-4.94788,-4.24007]
[-4.93931,-4.2322]
[-4.93076,-4.22436]
[-4.92225,-4.21654]
[-4.91376,-4.20874]
[-4.9053,-4.20098]
[-4.89687,-4.19323]
[-4.88847,-4.18551]
[-4.88009,-4.17782]
[-4.87174,-4.17014]
[-4.86342,-4.1625]
[-4.85513,-4.15487]
[-4.84686,-4.14727]
[-4.83862,-4.1397]
[-4.83041,-4.13214]
[-4.82222,-4.12461]
[-4.81406,-4.11711]
[-4.80593,-4.10963]
[-4.79782,-4.10217]
[-4.78974,-4.09473]
[-4.78168,-4.08732]
[-4.77366,-4.07993]
[-4.76565,-4.07256]
[-4.75767,-4.06521]
[-4.74972,-4.05789]
[-4.7418,-4.05059]
[-4.7339,-4.04331]
[-4.72602,-4.03606]
[-4.71817,-4.02882]
[-4.71034,-4.02161]
[-4.70254,-4.01442]
[-4.69477,-4.00726]
[-4.68702,-4.00011]
[-4.67929,-3.99299]
[-4.67159,-3.98588]
[-4.66391,-3.9788]
[-4.65626,-3.97174]
[-4.64863,-3.96471]
[-4.64102,-3.95769]
[-4.63344,-3.95069]
[-4.62588,-3.94372]
[-4.61835,-3.93676]
[-4.61084,-3.92983]
[-4.60335,-3.92292]
[-4.59588,-3.91603]
[-4.58844,-3.90915]
[-4.58103,-3.9023]
[-4.57363,-3.89547]
[-4.56626,-3.88866]
[-4.55891,-3.88187]
[-4.55158,-3.8751]
[-4.54428,-3.86835]
[-4.537,-3.86162]
[-4.52974,-3.85491]
[-4.5225,-3.84822]
[-4.51529,-3.84155]
[-4.5081,-3.8349]
[-4.50093,-3.82827]
[-4.49378,-3.82165]
[-4.48665,-3.81506]
[-4.47955,-3.80849]
[-4.47246,-3.80193]
[-4.4654,-3.7954]
[-4.45836,-3.78888]
[-4.45134,-3.78238]
[-4.44434,-3.7759]
[-4.43737,-3.76944]
[-4.43041,-3.763]
[-4.42347,-3.75658]
[-4.41656,-3.75017]
[-4.40967,-3.74379]
[-4.40279,-3.73742]
[-4.39594,-3.73107]
[-4.38911,-3.72474]
[-4.3823,-3.71842]
[-4.37551,-3.71213]
[-4.36874,-3.70585]
[-4.36199,-3.69959]
[-4.35526,-3.69335]
[-4.34855,-3.68713]
[-4.34185,-3.68092]
[-4.33518,-3.67473]
[-4.32853,-3.66856]
[-4.3219,-3.66241]
[-4.31529,-3.65627]
[-4.30869,-3.65015]
[-4.30212,-3.64405]
[-4.29557,-3.63796]
[-4.28903,-3.6319]
[-4.28251,-3.62585]
[-4.27602,-3.61981]
[-4.26954,-3.6138]
[-4.26308,-3.6078]
[-4.25664,-3.60181]
[-4.25022,-3.59584]
[-4.24381,-3.58989]
[-4.23743,-3.58396]
[-4.23106,-3.57804]
[-4.22471,-3.57214]
[-4.21838,-3.56626]
[-4.21207,-3.56039]
[-4.20578,-3.55454]
[-4.1995,-3.5487]
[-4.19324,-3.54288]
[-4.187,-3.53707]
[-4.18078,-3.53129]
[-4.17458,-3.52551]
[-4.16839,-3.51976]
[-4.16222,-3.51402]
[-4.15607,-3.50829]
[-4.14993,-3.50258]
[-4.14382,-3.49688]
[-4.13772,-3.49121]
[-4.13163,-3.48554]
[-4.12557,-3.47989]
[-4.11952,-3.47426]
[-4.11349,-3.46864]
[-4.10747,-3.46304]
[-4.10148,-3.45745]
[-4.09549,-3.45188]
[-4.08953,-3.44632]
[-4.08358,-3.44078]
[-4.07765,-3.43525]
[-4.07174,-3.42973]
[-4.06584,-3.42423]
[-4.05996,-3.41875]
[-4.05409,-3.41328]
[-4.04824,-3.40782]
[-4.04241,-3.40238]
[-4.03659,-3.39696]
[-4.03079,-3.39154]
[-4.025,-3.38615]
[-4.01923,-3.38076]
[-4.01348,-3.37539]
[-4.00774,-3.37004]
[-4.00202,-3.3647]
[-3.99631,-3.35937]
[-3.99062,-3.35405]
[-3.98494,-3.34876]
[-3.97928,-3.34347]
[-3.97364,-3.3382]
[-3.96801,-3.33294]
[-3.96239,-3.32769]
[-3.95679,-3.32246]
[-3.95121,-3.31724]
[-3.94564,-3.31204]
[-3.94009,-3.30685]
[-3.93455,-3.30167]
[-3.92902,-3.29651]
[-3.92351,-3.29136]
[-3.91802,-3.28622]
[-3.91253,-3.28109]
[-3.90707,-3.27598]
[-3.90162,-3.27088]
[-3.89618,-3.2658]
[-3.89076,-3.26073]
[-3.88535,-3.25567]
[-3.87995,-3.25062]
[-3.87457,-3.24559]
[-3.86921,-3.24056]
[-3.86386,-3.23556]
[-3.85852,-3.23056]
[-3.8532,-3.22558]
[-3.84789,-3.22061]
[-3.84259,-3.21565]
[-3.83731,-3.2107]
[-3.83204,-3.20577]
[-3.82679,-3.20085]
[-3.82155,-3.19594]
[-3.81632,-3.19104]
[-3.8111,-3.18616]
[-3.8059,-3.18129]
[-3.80072,-3.17642]
[-3.79554,-3.17158]
[-3.79038,-3.16674]
[-3.78524,-3.16192]
[-3.7801,-3.1571]
[-3.77498,-3.1523]
[-3.76988,-3.14752]
[-3.76478,-3.14274]
[-3.7597,-3.13797]
[-3.75463,-3.13322]
[-3.74958,-3.12848]
[-3.74453,-3.12375]
[-3.73951,-3.11903]
[-3.73449,-3.11432]
[-3.72948,-3.10963]
[-3.72449,-3.10494]
[-3.71951,-3.10027]
[-3.71455,-3.09561]
[-3.70959,-3.09096]
[-3.70465,-3.08632]
[-3.69972,-3.08169]
[-3.69481,-3.07707]
[-3.6899,-3.07247]
[-3.68501,-3.06787]
[-3.68013,-3.06329]
[-3.67526,-3.05872]
[-3.67041,-3.05416]
[-3.66556,-3.0496]
[-3.66073,-3.04506]
[-3.65591,-3.04054]
[-3.6511,-3.03602]
[-3.64631,-3.03151]
[-3.64152,-3.02701]
[-3.63675,-3.02253]
[-3.63199,-3.01805]
[-3.62724,-3.01358]
[-3.6225,-3.00913]
[-3.61778,-3.00469]
[-3.61306,-3.00025]
[-3.60836,-2.99583]
[-3.60367,-2.99142]
[-3.59899,-2.98701]
[-3.59432,-2.98262]
[-3.58966,-2.97824]
[-3.58502,-2.97387]
[-3.58038,-2.9695]
[-3.57576,-2.96515]
[-3.57115,-2.96081]
[-3.56655,-2.95648]
[-3.56196,-2.95216]
[-3.55738,-2.94785]
[-3.55281,-2.94354]
[-3.54825,-2.93925]
[-3.54371,-2.93497]
[-3.53917,-2.9307]
[-3.53465,-2.92644]
[-3.53013,-2.92218]
[-3.52563,-2.91794]
[-3.52114,-2.91371]
[-3.51665,-2.90948]
[-3.51218,-2.90527]
[-3.50772,-2.90107]
[-3.50327,-2.89687]
[-3.49883,-2.89269]
[-3.4944,-2.88851]
[-3.48998,-2.88434]
[-3.48557,-2.88019]
[-3.48118,-2.87604]
[-3.47679,-2.8719]
[-3.47241,-2.86777]
[-3.46804,-2.86365]
[-3.46369,-2.85954]
[-3.45934,-2.85544]
[-3.455,-2.85135]
[-3.45067,-2.84726]
[-3.44636,-2.84319]
[-3.44205,-2.83912]
[-3.43775,-2.83507]
[-3.43346,-2.83102]
[-3.42919,-2.82698]
[-3.42492,-2.82295]
[-3.42066,-2.81893]
[-3.41641,-2.81492]
[-3.41217,-2.81092]
[-3.40794,-2.80692]
[-3.40373,-2.80294]
[-3.39952,-2.79896]
[-3.39532,-2.79499]
[-3.39113,-2.79103]
[-3.38694,-2.78708]
[-3.38277,-2.78314]
[-3.37861,-2.77921]
[-3.37446,-2.77528]
[-3.37031,-2.77137]
[-3.36618,-2.76746]
[-3.36205,-2.76356]
[-3.35794,-2.75967]
[-3.35383,-2.75578]
[-3.34973,-2.75191]
[-3.34565,-2.74804]
[-3.34157,-2.74419]
[-3.3375,-2.74034]
[-3.33344,-2.7365]
[-3.32938,-2.73266]
[-3.32534,-2.72884]
[-3.32131,-2.72502]
[-3.31728,-2.72121]
[-3.31326,-2.71741]
[-3.30926,-2.71362]
[-3.30526,-2.70983]
[-3.30127,-2.70606]
[-3.29729,-2.70229]
[-3.29331,-2.69853]
[-3.28935,-2.69477]
[-3.28539,-2.69103]
[-3.28145,-2.68729]
[-3.27751,-2.68356]
[-3.27358,-2.67984]
[-3.26966,-2.67612]
[-3.26575,-2.67242]
[-3.26184,-2.66872]
[-3.25795,-2.66503]
[-3.25406,-2.66135]
[-3.25018,-2.65767]
[-3.24631,-2.654]
[-3.24245,-2.65034]
[-3.23859,-2.64669]
[-3.23475,-2.64304]
[-3.23091,-2.6394]
[-3.22708,-2.63577]
[-3.22326,-2.63215]
[-3.21944,-2.62854]
[-3.21564,-2.62493]
[-3.21184,-2.62133]
[-3.20805,-2.61773]
[-3.20427,-2.61415]
[-3.2005,-2.61057]
[-3.19673,-2.60699]
[-3.19297,-2.60343]
[-3.18923,-2.59987]
[-3.18548,-2.59632]
[-3.18175,-2.59278]
[-3.17802,-2.58924]
[-3.17431,-2.58571]
[-3.17059,-2.58219]
[-3.16689,-2.57868]
[-3.1632,-2.57517]
[-3.15951,-2.57167]
[-3.15583,-2.56817]
[-3.15216,-2.56469]
[-3.14849,-2.56121]
[-3.14483,-2.55773]
[-3.14119,-2.55427]
[-3.13754,-2.55081]
[-3.13391,-2.54735]
[-3.13028,-2.54391]
[-3.12666,-2.54047]
[-3.12305,-2.53704]
[-3.11944,-2.53361]
[-3.11585,-2.53019]
[-3.11225,-2.52678]
[-3.10867,-2.52337]
[-3.1051,-2.51997]
[-3.10153,-2.51658]
[-3.09796,-2.5132]
[-3.09441,-2.50982]
[-3.09086,-2.50644]
[-3.08732,-2.50308]
[-3.08379,-2.49972]
[-3.08026,-2.49637]
[-3.07674,-2.49302]
[-3.07323,-2.48968]
[-3.06973,-2.48634]
[-3.06623,-2.48302]
[-3.06274,-2.47969]
[-3.05925,-2.47638]
[-3.05578,-2.47307]
[-3.05231,-2.46977]
[-3.04884,-2.46647]
[-3.04539,-2.46318]
[-3.04194,-2.4599]
[-3.03849,-2.45662]
[-3.03506,-2.45335]
[-3.03163,-2.45009]
[-3.0282,-2.44683]
[-3.02479,-2.44357]
[-3.02138,-2.44033]
[-3.01798,-2.43709]
[-3.01458,-2.43385]
[-3.01119,-2.43062]
[-3.00781,-2.4274]
[-3.00443,-2.42418]
[-3.00106,-2.42097]
[-2.9977,-2.41777]
[-2.99434,-2.41457]
[-2.99099,-2.41138]
[-2.98764,-2.40819]
[-2.98431,-2.40501]
[-2.98097,-2.40183]
[-2.97765,-2.39866]
[-2.97433,-2.3955]
[-2.97102,-2.39234]
[-2.96771,-2.38919]
[-2.96441,-2.38604]
[-2.96112,-2.3829]
[-2.95783,-2.37977]
[-2.95455,-2.37664]
[-2.95127,-2.37352]
[-2.948,-2.3704]
[-2.94474,-2.36729]
[-2.94149,-2.36418]
[-2.93823,-2.36108]
[-2.93499,-2.35798]
[-2.93175,-2.35489]
[-2.92852,-2.35181]
[-2.92529,-2.34873]
[-2.92207,-2.34566]
[-2.91886,-2.34259]
[-2.91565,-2.33953]
[-2.91245,-2.33647]
[-2.90925,-2.33342]
[-2.90606,-2.33037]
[-2.90287,-2.32733]
[-2.8997,-2.3243]
[-2.89652,-2.32127]
[-2.89336,-2.31824]
[-2.89019,-2.31522]
[-2.88704,-2.31221]
[-2.88389,-2.3092]
[-2.88074,-2.3062]
[-2.8776,-2.3032]
[-2.87447,-2.30021]
[-2.87134,-2.29722]
[-2.86822,-2.29424]
[-2.86511,-2.29126]
[-2.862,-2.28829]
[-2.85889,-2.28532]
[-2.85579,-2.28236]
[-2.8527,-2.2794]
[-2.84961,-2.27645]
[-2.84653,-2.2735]
[-2.84345,-2.27056]
[-2.84038,-2.26762]
[-2.83731,-2.26469]
[-2.83425,-2.26176]
[-2.8312,-2.25884]
[-2.82815,-2.25593]
[-2.8251,-2.25302]
[-2.82206,-2.25011]
[-2.81903,-2.24721]
[-2.816,-2.24431]
[-2.81298,-2.24142]
[-2.80996,-2.23853]
[-2.80695,-2.23565]
[-2.80394,-2.23277]
[-2.80094,-2.2299]
[-2.79794,-2.22703]
[-2.79495,-2.22417]
[-2.79197,-2.22131]
[-2.78898,-2.21846]
[-2.78601,-2.21561]
[-2.78304,-2.21276]
[-2.78007,-2.20992]
[-2.77711,-2.20709]
[-2.77416,-2.20426]
[-2.7712,-2.20144]
[-2.76826,-2.19861]
[-2.76532,-2.1958]
[-2.76238,-2.19299]
[-2.75945,-2.19018]
[-2.75653,-2.18738]
[-2.75361,-2.18458]
[-2.75069,-2.18179]
[-2.74778,-2.179]
[-2.74488,-2.17622]
[-2.74198,-2.17344]
[-2.73908,-2.17066]
[-2.73619,-2.16789]
[-2.7333,-2.16513]
[-2.73042,-2.16237]
[-2.72755,-2.15961]
[-2.72467,-2.15686]
[-2.72181,-2.15411]
[-2.71895,-2.15136]
[-2.71609,-2.14863]
[-2.71324,-2.14589]
[-2.71039,-2.14316]
[-2.70754,-2.14043]
[-2.70471,-2.13771]
[-2.70187,-2.13499]
[-2.69904,-2.13228]
[-2.69622,-2.12957]
[-2.6934,-2.12687]
[-2.69058,-2.12417]
[-2.68777,-2.12147]
[-2.68497,-2.11878]
[-2.68217,-2.11609]
[-2.67937,-2.11341]
[-2.67658,-2.11073]
[-2.67379,-2.10805]
[-2.67101,-2.10538]
[-2.66823,-2.10272]
[-2.66546,-2.10005]
[-2.66269,-2.0974]
[-2.65992,-2.09474]
[-2.65716,-2.09209]
[-2.6544,-2.08944]
[-2.65165,-2.0868]
[-2.6489,-2.08416]
[-2.64616,-2.08153]
[-2.64342,-2.0789]
[-2.64069,-2.07627]
[-2.63796,-2.07365]
[-2.63523,-2.07103]
[-2.63251,-2.06842]
[-2.62979,-2.06581]
[-2.62708,-2.0632]
[-2.62437,-2.0606]
[-2.62167,-2.058]
[-2.61897,-2.05541]
[-2.61627,-2.05282]
[-2.61358,-2.05023]
[-2.61089,-2.04765]
[-2.60821,-2.04507]
[-2.60553,-2.0425]
[-2.60286,-2.03993]
[-2.60019,-2.03736]
[-2.59752,-2.0348]
[-2.59486,-2.03224]
[-2.5922,-2.02968]
[-2.58954,-2.02713]
[-2.58689,-2.02458]
[-2.58425,-2.02204]
[-2.58161,-2.0195]
[-2.57897,-2.01696]
[-2.57633,-2.01443]
[-2.57371,-2.0119]
[-2.57108,-2.00937]
[-2.56846,-2.00685]
[-2.56584,-2.00433]
[-2.56323,-2.00182]
[-2.56062,-1.99931]
[-2.55801,-1.9968]
[-2.55541,-1.99429]
[-2.55281,-1.99179]
[-2.55022,-1.9893]
[-2.54762,-1.98681]
[-2.54504,-1.98432]
[-2.54246,-1.98183]
[-2.53988,-1.97935]
[-2.5373,-1.97687]
[-2.53473,-1.97439]
[-2.53216,-1.97192]
[-2.5296,-1.96945]
[-2.52704,-1.96699]
[-2.52449,-1.96453]
[-2.52193,-1.96207]
[-2.51938,-1.95962]
[-2.51684,-1.95717]
[-2.5143,-1.95472]
[-2.51176,-1.95228]
[-2.50923,-1.94984]
[-2.5067,-1.9474]
[-2.50417,-1.94497]
[-2.50165,-1.94254]
[-2.49913,-1.94011]
[-2.49662,-1.93769]
[-2.49411,-1.93527]
[-2.4916,-1.93285]
[-2.48909,-1.93044]
[-2.48659,-1.92803]
[-2.4841,-1.92562]
[-2.4816,-1.92322]
[-2.47911,-1.92082]
[-2.47663,-1.91842]
[-2.47414,-1.91603]
[-2.47167,-1.91364]
[-2.46919,-1.91125]
[-2.46672,-1.90887]
[-2.46425,-1.90649]
[-2.46178,-1.90411]
[-2.45932,-1.90174]
[-2.45687,-1.89937]
[-2.45441,-1.897]
[-2.45196,-1.89464]
[-2.44951,-1.89228]
[-2.44707,-1.88992]
[-2.44463,-1.88756]
[-2.44219,-1.88521]
[-2.43976,-1.88286]
[-2.43732,-1.88052]
[-2.4349,-1.87818]
[-2.43247,-1.87584]
[-2.43005,-1.8735]
[-2.42764,-1.87117]
[-2.42522,-1.86884]
[-2.42281,-1.86651]
[-2.4204,-1.86419]
[-2.418,-1.86187]
[-2.4156,-1.85955]
[-2.4132,-1.85724]
[-2.41081,-1.85493]
[-2.40842,-1.85262]
[-2.40603,-1.85031]
[-2.40365,-1.84801]
[-2.40126,-1.84571]
[-2.39889,-1.84342]
[-2.39651,-1.84112]
[-2.39414,-1.83883]
[-2.39177,-1.83655]
[-2.38941,-1.83426]
[-2.38705,-1.83198]
[-2.38469,-1.8297]
[-2.38233,-1.82743]
[-2.37998,-1.82515]
[-2.37763,-1.82289]
[-2.37528,-1.82062]
[-2.37294,-1.81835]
[-2.3706,-1.81609]
[-2.36826,-1.81384]
[-2.36593,-1.81158]
[-2.3636,-1.80933]
[-2.36127,-1.80708]
[-2.35895,-1.80483]
[-2.35663,-1.80259]
[-2.35431,-1.80035]
[-2.35199,-1.79811]
[-2.34968,-1.79587]
[-2.34737,-1.79364]
[-2.34507,-1.79141]
[-2.34276,-1.78919]
[-2.34046,-1.78696]
[-2.33816,-1.78474]
[-2.33587,-1.78252]
[-2.33358,-1.7803]
[-2.33129,-1.77809]
[-2.32901,-1.77588]
[-2.32672,-1.77367]
[-2.32444,-1.77147]
[-2.32217,-1.76927]
[-2.31989,-1.76707]
[-2.31762,-1.76487]
[-2.31535,-1.76268]
[-2.31309,-1.76048]
[-2.31083,-1.7583]
[-2.30857,-1.75611]
[-2.30631,-1.75393]
[-2.30406,-1.75174]
[-2.30181,-1.74957]
[-2.29956,-1.74739]
[-2.29731,-1.74522]
[-2.29507,-1.74305]
[-2.29283,-1.74088]
[-2.29059,-1.73871]
[-2.28836,-1.73655]
[-2.28613,-1.73439]
[-2.2839,-1.73223]
[-2.28167,-1.73008]
[-2.27945,-1.72793]
[-2.27723,-1.72578]
[-2.27501,-1.72363]
[-2.2728,-1.72149]
[-2.27059,-1.71934]
[-2.26838,-1.7172]
[-2.26617,-1.71507]
[-2.26397,-1.71293]
[-2.26177,-1.7108]
[-2.25957,-1.70867]
[-2.25737,-1.70654]
[-2.25518,-1.70442]
[-2.25299,-1.7023]
[-2.2508,-1.70018]
[-2.24862,-1.69806]
[-2.24643,-1.69594]
[-2.24425,-1.69383]
[-2.24208,-1.69172]
[-2.2399,-1.68961]
[-2.23773,-1.68751]
[-2.23556,-1.68541]
[-2.23339,-1.68331]
[-2.23123,-1.68121]
[-2.22907,-1.67911]
[-2.22691,-1.67702]
[-2.22475,-1.67493]
[-2.2226,-1.67284]
[-2.22044,-1.67075]
[-2.2183,-1.66867]
[-2.21615,-1.66659]
[-2.21401,-1.66451]
[-2.21186,-1.66243]
[-2.20972,-1.66036]
[-2.20759,-1.65829]
[-2.20545,-1.65622]
[-2.20332,-1.65415]
[-2.20119,-1.65209]
[-2.19907,-1.65002]
[-2.19694,-1.64796]
[-2.19482,-1.6459]
[-2.1927,-1.64385]
[-2.19059,-1.64179]
[-2.18847,-1.63974]
[-2.18636,-1.63769]
[-2.18425,-1.63565]
[-2.18214,-1.6336]
[-2.18004,-1.63156]
[-2.17794,-1.62952]
[-2.17584,-1.62748]
[-2.17374,-1.62545]
[-2.17164,-1.62341]
[-2.16955,-1.62138]
[-2.16746,-1.61935]
[-2.16537,-1.61733]
[-2.16329,-1.6153]
[-2.1612,-1.61328]
[-2.15912,-1.61126]
[-2.15704,-1.60924]
[-2.15497,-1.60722]
[-2.15289,-1.60521]
[-2.15082,-1.6032]
[-2.14875,-1.60119]
[-2.14669,-1.59918]
[-2.14462,-1.59718]
[-2.14256,-1.59517]
[-2.1405,-1.59317]
[-2.13844,-1.59117]
[-2.13638,-1.58918]
[-2.13433,-1.58718]
[-2.13228,-1.58519]
[-2.13023,-1.5832]
[-2.12818,-1.58121]
[-2.12614,-1.57922]
[-2.1241,-1.57724]
[-2.12206,-1.57526]
[-2.12002,-1.57328]
[-2.11798,-1.5713]
[-2.11595,-1.56932]
[-2.11392,-1.56735]
[-2.11189,-1.56538]
[-2.10986,-1.56341]
[-2.10784,-1.56144]
[-2.10581,-1.55947]
[-2.10379,-1.55751]
[-2.10178,-1.55555]
[-2.09976,-1.55359]
[-2.09775,-1.55163]
[-2.09573,-1.54967]
[-2.09372,-1.54772]
[-2.09172,-1.54577]
[-2.08971,-1.54382]
[-2.08771,-1.54187]
[-2.08571,-1.53992]
[-2.08371,-1.53798]
[-2.08171,-1.53604]
[-2.07971,-1.5341]
[-2.07772,-1.53216]
[-2.07573,-1.53022]
[-2.07374,-1.52829]
[-2.07176,-1.52635]
[-2.06977,-1.52442]
[-2.06779,-1.52249]
[-2.06581,-1.52057]
[-2.06383,-1.51864]
[-2.06185,-1.51672]
[-2.05988,-1.5148]
[-2.05791,-1.51288]
[-2.05594,-1.51096]
[-2.05397,-1.50905]
[-2.052,-1.50713]
[-2.05004,-1.50522]
[-2.04807,-1.50331]
[-2.04611,-1.5014]
[-2.04415,-1.4995]
[-2.0422,-1.49759]
[-2.04024,-1.49569]
[-2.03829,-1.49379]
[-2.03634,-1.49189]
[-2.03439,-1.48999]
[-2.03245,-1.4881]
[-2.0305,-1.48621]
[-2.02856,-1.48431]
[-2.02662,-1.48242]
[-2.02468,-1.48054]
[-2.02274,-1.47865]
[-2.02081,-1.47677]
[-2.01887,-1.47488]
[-2.01694,-1.473]
[-2.01501,-1.47112]
[-2.01309,-1.46925]
[-2.01116,-1.46737]
[-2.00924,-1.4655]
[-2.00731,-1.46363]
[-2.00539,-1.46176]
[-2.00348,-1.45989]
[-2.00156,-1.45802]
[-1.99965,-1.45615]
[-1.99773,-1.45429]
[-1.99582,-1.45243]
[-1.99391,-1.45057]
[-1.99201,-1.44871]
[-1.9901,-1.44686]
[-1.9882,-1.445]
[-1.9863,-1.44315]
[-1.9844,-1.4413]
[-1.9825,-1.43945]
[-1.9806,-1.4376]
[-1.97871,-1.43575]
[-1.97682,-1.43391]
[-1.97493,-1.43207]
[-1.97304,-1.43022]
[-1.97115,-1.42838]
[-1.96927,-1.42655]
[-1.96738,-1.42471]
[-1.9655,-1.42288]
[-1.96362,-1.42104]
[-1.96174,-1.41921]
[-1.95987,-1.41738]
[-1.95799,-1.41555]
[-1.95612,-1.41373]
[-1.95425,-1.4119]
[-1.95238,-1.41008]
[-1.95051,-1.40826]
[-1.94864,-1.40644]
[-1.94678,-1.40462]
[-1.94492,-1.4028]
[-1.94306,-1.40099]
[-1.9412,-1.39918]
[-1.93934,-1.39736]
[-1.93748,-1.39555]
[-1.93563,-1.39374]
[-1.93378,-1.39194]
[-1.93193,-1.39013]
[-1.93008,-1.38833]
[-1.92823,-1.38653]
[-1.92638,-1.38472]
[-1.92454,-1.38292]
[-1.9227,-1.38113]
[-1.92086,-1.37933]
[-1.91902,-1.37754]
[-1.91718,-1.37574]
[-1.91534,-1.37395]
[-1.91351,-1.37216]
[-1.91168,-1.37037]
[-1.90985,-1.36859]
[-1.90802,-1.3668]
[-1.90619,-1.36502]
[-1.90436,-1.36323]
[-1.90254,-1.36145]
[-1.90072,-1.35967]
[-1.8989,-1.3579]
[-1.89708,-1.35612]
[-1.89526,-1.35434]
[-1.89344,-1.35257]
[-1.89163,-1.3508]
[-1.88981,-1.34903]
[-1.888,-1.34726]
[-1.88619,-1.34549]
[-1.88438,-1.34372]
[-1.88258,-1.34196]
[-1.88077,-1.3402]
[-1.87897,-1.33844]
[-1.87717,-1.33667]
[-1.87537,-1.33492]
[-1.87357,-1.33316]
[-1.87177,-1.3314]
[-1.86997,-1.32965]
[-1.86818,-1.32789]
[-1.86638,-1.32614]
[-1.86459,-1.32439]
[-1.8628,-1.32264]
[-1.86101,-1.3209]
[-1.85923,-1.31915]
[-1.85744,-1.31741]
[-1.85566,-1.31566]
[-1.85388,-1.31392]
[-1.85209,-1.31218]
[-1.85032,-1.31044]
[-1.84854,-1.3087]
[-1.84676,-1.30697]
[-1.84499,-1.30523]
[-1.84321,-1.3035]
[-1.84144,-1.30177]
[-1.83967,-1.30004]
[-1.8379,-1.29831]
[-1.83613,-1.29658]
[-1.83437,-1.29485]
[-1.8326,-1.29313]
[-1.83084,-1.2914]
[-1.82908,-1.28968]
[-1.82732,-1.28796]
[-1.82556,-1.28624]
[-1.8238,-1.28452]
[-1.82204,-1.2828]
[-1.82029,-1.28109]
[-1.81854,-1.27937]
[-1.81678,-1.27766]
[-1.81503,-1.27595]
[-1.81328,-1.27424]
[-1.81154,-1.27253]
[-1.80979,-1.27082]
[-1.80805,-1.26911]
[-1.8063,-1.26741]
[-1.80456,-1.2657]
[-1.80282,-1.264]
[-1.80108,-1.2623]
[-1.79934,-1.2606]
[-1.79761,-1.2589]
[-1.79587,-1.2572]
[-1.79414,-1.25551]
[-1.79241,-1.25381]
[-1.79068,-1.25212]
[-1.78895,-1.25042]
[-1.78722,-1.24873]
[-1.78549,-1.24704]
[-1.78377,-1.24535]
[-1.78204,-1.24367]
[-1.78032,-1.24198]
[-1.7786,-1.24029]
[-1.77688,-1.23861]
[-1.77516,-1.23693]
[-1.77344,-1.23525]
[-1.77173,-1.23357]
[-1.77001,-1.23189]
[-1.7683,-1.23021]
[-1.76659,-1.22853]
[-1.76488,-1.22686]
[-1.76317,-1.22518]
[-1.76146,-1.22351]
[-1.75975,-1.22184]
[-1.75805,-1.22017]
[-1.75634,-1.2185]
[-1.75464,-1.21683]
[-1.75294,-1.21517]
[-1.75124,-1.2135]
[-1.74954,-1.21184]
[-1.74784,-1.21017]
[-1.74614,-1.20851]
[-1.74445,-1.20685]
[-1.74276,-1.20519]
[-1.74106,-1.20353]
[-1.73937,-1.20187]
[-1.73768,-1.20022]
[-1.73599,-1.19856]
[-1.7343,-1.19691]
[-1.73262,-1.19526]
[-1.73093,-1.19361]
[-1.72925,-1.19196]
[-1.72757,-1.19031]
[-1.72589,-1.18866]
[-1.7242,-1.18701]
[-1.72253,-1.18537]
[-1.72085,-1.18372]
[-1.71917,-1.18208]
[-1.7175,-1.18044]
[-1.71582,-1.1788]
[-1.71415,-1.17716]
[-1.71248,-1.17552]
[-1.71081,-1.17388]
[-1.70914,-1.17224]
[-1.70747,-1.17061]
[-1.7058,-1.16897]
[-1.70414,-1.16734]
[-1.70247,-1.16571]
[-1.70081,-1.16408]
[-1.69915,-1.16245]
[-1.69749,-1.16082]
[-1.69583,-1.15919]
[-1.69417,-1.15757]
[-1.69251,-1.15594]
[-1.69085,-1.15432]
[-1.6892,-1.15269]
[-1.68755,-1.15107]
[-1.68589,-1.14945]
[-1.68424,-1.14783]
[-1.68259,-1.14621]
[-1.68094,-1.14459]
[-1.67929,-1.14298]
[-1.67765,-1.14136]
[-1.676,-1.13975]
[-1.67436,-1.13813]
[-1.67271,-1.13652]
[-1.67107,-1.13491]
[-1.66943,-1.1333]
[-1.66779,-1.13169]
[-1.66615,-1.13008]
[-1.66451,-1.12848]
[-1.66288,-1.12687]
[-1.66124,-1.12527]
[-1.65961,-1.12366]
[-1.65797,-1.12206]
[-1.65634,-1.12046]
[-1.65471,-1.11886]
[-1.65308,-1.11726]
[-1.65145,-1.11566]
[-1.64982,-1.11406]
[-1.6482,-1.11246]
[-1.64657,-1.11087]
[-1.64495,-1.10927]
[-1.64332,-1.10768]
[-1.6417,-1.10609]
[-1.64008,-1.1045]
[-1.63846,-1.10291]
[-1.63684,-1.10132]
[-1.63522,-1.09973]
[-1.6336,-1.09814]
[-1.63199,-1.09656]
[-1.63037,-1.09497]
[-1.62876,-1.09339]
[-1.62715,-1.0918]
[-1.62554,-1.09022]
[-1.62393,-1.08864]
[-1.62232,-1.08706]
[-1.62071,-1.08548]
[-1.6191,-1.0839]
[-1.61749,-1.08232]
[-1.61589,-1.08075]
[-1.61428,-1.07917]
[-1.61268,-1.0776]
[-1.61108,-1.07602]
[-1.60948,-1.07445]
[-1.60788,-1.07288]
[-1.60628,-1.07131]
[-1.60468,-1.06974]
[-1.60308,-1.06817]
[-1.60149,-1.0666]
[-1.59989,-1.06503]
[-1.5983,-1.06347]
[-1.59671,-1.0619]
[-1.59511,-1.06034]
[-1.59352,-1.05878]
[-1.59193,-1.05722]
[-1.59034,-1.05565]
[-1.58876,-1.05409]
[-1.58717,-1.05253]
[-1.58558,-1.05098]
[-1.584,-1.04942]
[-1.58241,-1.04786]
[-1.58083,-1.04631]
[-1.57925,-1.04475]
[-1.57767,-1.0432]
[-1.57609,-1.04165]
[-1.57451,-1.04009]
[-1.57293,-1.03854]
[-1.57136,-1.03699]
[-1.56978,-1.03545]
[-1.5682,-1.0339]
[-1.56663,-1.03235]
[-1.56506,-1.0308]
[-1.56348,-1.02926]
[-1.56191,-1.02771]
[-1.56034,-1.02617]
[-1.55877,-1.02463]
[-1.55721,-1.02309]
[-1.55564,-1.02154]
[-1.55407,-1.02]
[-1.55251,-1.01847]
[-1.55094,-1.01693]
[-1.54938,-1.01539]
[-1.54782,-1.01385]
[-1.54625,-1.01232]
[-1.54469,-1.01078]
[-1.54313,-1.00925]
[-1.54158,-1.00772]
[-1.54002,-1.00618]
[-1.53846,-1.00465]
[-1.5369,-1.00312]
[-1.53535,-1.00159]
[-1.5338,-1.00007]
[-1.53224,-0.998538]
[-1.53069,-0.997011]
[-1.52914,-0.995485]
[-1.52759,-0.99396]
[-1.52604,-0.992436]
[-1.52449,-0.990913]
[-1.52294,-0.98939]
[-1.52139,-0.987868]
[-1.51985,-0.986348]
[-1.5183,-0.984828]
[-1.51676,-0.983308]
[-1.51522,-0.98179]
[-1.51367,-0.980273]
[-1.51213,-0.978756]
[-1.51059,-0.97724]
[-1.50905,-0.975725]
[-1.50751,-0.974211]
[-1.50598,-0.972698]
[-1.50444,-0.971186]
[-1.5029,-0.969674]
[-1.50137,-0.968163]
[-1.49983,-0.966653]
[-1.4983,-0.965144]
[-1.49677,-0.963636]
[-1.49523,-0.962129]
[-1.4937,-0.960622]
[-1.49217,-0.959116]
[-1.49064,-0.957611]
[-1.48912,-0.956107]
[-1.48759,-0.954603]
[-1.48606,-0.953101]
[-1.48454,-0.951599]
[-1.48301,-0.950098]
[-1.48149,-0.948598]
[-1.47996,-0.947098]
[-1.47844,-0.9456]
[-1.47692,-0.944102]
[-1.4754,-0.942605]
[-1.47388,-0.941109]
[-1.47236,-0.939613]
[-1.47084,-0.938119]
[-1.46933,-0.936625]
[-1.46781,-0.935132]
[-1.46629,-0.93364]
[-1.46478,-0.932148]
[-1.46327,-0.930658]
[-1.46175,-0.929168]
[-1.46024,-0.927678]
[-1.45873,-0.92619]
[-1.45722,-0.924703]
[-1.45571,-0.923216]
[-1.4542,-0.92173]
[-1.45269,-0.920244]
[-1.45118,-0.91876]
[-1.44968,-0.917276]
[-1.44817,-0.915793]
[-1.44667,-0.914311]
[-1.44516,-0.91283]
[-1.44366,-0.911349]
[-1.44216,-0.909869]
[-1.44065,-0.90839]
[-1.43915,-0.906911]
[-1.43765,-0.905434]
[-1.43615,-0.903957]
[-1.43466,-0.902481]
[-1.43316,-0.901005]
[-1.43166,-0.89953]
[-1.43017,-0.898057]
[-1.42867,-0.896583]
[-1.42718,-0.895111]
[-1.42568,-0.893639]
[-1.42419,-0.892168]
[-1.4227,-0.890698]
[-1.42121,-0.889228]
[-1.41972,-0.88776]
[-1.41823,-0.886292]
[-1.41674,-0.884824]
[-1.41525,-0.883358]
[-1.41376,-0.881892]
[-1.41227,-0.880427]
[-1.41079,-0.878962]
[-1.4093,-0.877499]
[-1.40782,-0.876036]
[-1.40633,-0.874574]
[-1.40485,-0.873112]
[-1.40337,-0.871651]
[-1.40189,-0.870191]
[-1.40041,-0.868732]
[-1.39893,-0.867273]
[-1.39745,-0.865815]
[-1.39597,-0.864358]
[-1.39449,-0.862901]
[-1.39302,-0.861446]
[-1.39154,-0.85999]
[-1.39006,-0.858536]
[-1.38859,-0.857082]
[-1.38712,-0.855629]
[-1.38564,-0.854177]
[-1.38417,-0.852725]
[-1.3827,-0.851274]
[-1.38123,-0.849824]
[-1.37976,-0.848375]
[-1.37829,-0.846926]
[-1.37682,-0.845478]
[-1.37535,-0.84403]
[-1.37388,-0.842583]
[-1.37242,-0.841137]
[-1.37095,-0.839692]
[-1.36949,-0.838247]
[-1.36802,-0.836803]
[-1.36656,-0.83536]
[-1.3651,-0.833917]
[-1.36363,-0.832475]
[-1.36217,-0.831033]
[-1.36071,-0.829593]
[-1.35925,-0.828153]
[-1.35779,-0.826713]
[-1.35633,-0.825275]
[-1.35488,-0.823837]
[-1.35342,-0.822399]
[-1.35196,-0.820963]
[-1.35051,-0.819527]
[-1.34905,-0.818091]
[-1.3476,-0.816657]
[-1.34614,-0.815223]
[-1.34469,-0.813789]
[-1.34324,-0.812357]
[-1.34179,-0.810924]
[-1.34034,-0.809493]
[-1.33889,-0.808062]
[-1.33744,-0.806632]
[-1.33599,-0.805203]
[-1.33454,-0.803774]
[-1.33309,-0.802346]
[-1.33165,-0.800918]
[-1.3302,-0.799492]
[-1.32875,-0.798065]
[-1.32731,-0.79664]
[-1.32587,-0.795215]
[-1.32442,-0.793791]
[-1.32298,-0.792367]
[-1.32154,-0.790944]
[-1.3201,-0.789521]
[-1.31866,-0.7881]
[-1.31722,-0.786679]
[-1.31578,-0.785258]
[-1.31434,-0.783838]
[-1.3129,-0.782419]
[-1.31146,-0.781]
[-1.31003,-0.779583]
[-1.30859,-0.778165]
[-1.30715,-0.776748]
[-1.30572,-0.775332]
[-1.30429,-0.773917]
[-1.30285,-0.772502]
[-1.30142,-0.771088]
[-1.29999,-0.769674]
[-1.29856,-0.768261]
[-1.29713,-0.766849]
[-1.2957,-0.765437]
[-1.29427,-0.764026]
[-1.29284,-0.762615]
[-1.29141,-0.761206]
[-1.28998,-0.759796]
[-1.28856,-0.758388]
[-1.28713,-0.756979]
[-1.2857,-0.755572]
[-1.28428,-0.754165]
[-1.28286,-0.752759]
[-1.28143,-0.751353]
[-1.28001,-0.749948]
[-1.27859,-0.748544]
[-1.27716,-0.74714]
[-1.27574,-0.745736]
[-1.27432,-0.744334]
[-1.2729,-0.742932]
[-1.27148,-0.74153]
[-1.27007,-0.740129]
[-1.26865,-0.738729]
[-1.26723,-0.737329]
[-1.26581,-0.73593]
[-1.2644,-0.734532]
[-1.26298,-0.733134]
[-1.26157,-0.731736]
[-1.26015,-0.73034]
[-1.25874,-0.728943]
[-1.25733,-0.727548]
[-1.25592,-0.726153]
[-1.2545,-0.724758]
[-1.25309,-0.723364]
[-1.25168,-0.721971]
[-1.25027,-0.720578]
[-1.24886,-0.719186]
[-1.24745,-0.717795]
[-1.24605,-0.716404]
[-1.24464,-0.715013]
[-1.24323,-0.713624]
[-1.24183,-0.712234]
[-1.24042,-0.710846]
[-1.23902,-0.709458]
[-1.23761,-0.70807]
[-1.23621,-0.706683]
[-1.2348,-0.705297]
[-1.2334,-0.703911]
[-1.232,-0.702525]
[-1.2306,-0.701141]
[-1.2292,-0.699757]
[-1.2278,-0.698373]
[-1.2264,-0.69699]
[-1.225,-0.695607]
[-1.2236,-0.694226]
[-1.2222,-0.692844]
[-1.22081,-0.691463]
[-1.21941,-0.690083]
[-1.21801,-0.688703]
[-1.21662,-0.687324]
[-1.21522,-0.685946]
[-1.21383,-0.684568]
[-1.21243,-0.68319]
[-1.21104,-0.681813]
[-1.20965,-0.680437]
[-1.20826,-0.679061]
[-1.20687,-0.677686]
[-1.20547,-0.676311]
[-1.20408,-0.674937]
[-1.20269,-0.673563]
[-1.20131,-0.67219]
[-1.19992,-0.670817]
[-1.19853,-0.669445]
[-1.19714,-0.668074]
[-1.19575,-0.666703]
[-1.19437,-0.665332]
[-1.19298,-0.663962]
[-1.1916,-0.662593]
[-1.19021,-0.661224]
[-1.18883,-0.659856]
[-1.18745,-0.658488]
[-1.18606,-0.657121]
[-1.18468,-0.655754]
[-1.1833,-0.654388]
[-1.18192,-0.653022]
[-1.18054,-0.651657]
[-1.17916,-0.650293]
[-1.17778,-0.648928]
[-1.1764,-0.647565]
[-1.17502,-0.646202]
[-1.17364,-0.644839]
[-1.17227,-0.643477]
[-1.17089,-0.642116]
[-1.16951,-0.640755]
[-1.16814,-0.639395]
[-1.16676,-0.638035]
[-1.16539,-0.636675]
[-1.16401,-0.635316]
[-1.16264,-0.633958]
[-1.16127,-0.6326]
[-1.15989,-0.631243]
[-1.15852,-0.629886]
[-1.15715,-0.62853]
[-1.15578,-0.627174]
[-1.15441,-0.625819]
[-1.15304,-0.624464]
[-1.15167,-0.62311]
[-1.1503,-0.621756]
[-1.14893,-0.620403]
[-1.14757,-0.61905]
[-1.1462,-0.617698]
[-1.14483,-0.616346]
[-1.14347,-0.614995]
[-1.1421,-0.613644]
[-1.14074,-0.612294]
[-1.13937,-0.610944]
[-1.13801,-0.609595]
[-1.13665,-0.608246]
[-1.13528,-0.606898]
[-1.13392,-0.60555]
[-1.13256,-0.604203]
[-1.1312,-0.602856]
[-1.12984,-0.60151]
[-1.12848,-0.600164]
[-1.12712,-0.598819]
[-1.12576,-0.597474]
[-1.1244,-0.59613]
[-1.12304,-0.594786]
[-1.12169,-0.593443]
[-1.12033,-0.5921]
[-1.11897,-0.590758]
[-1.11762,-0.589416]
[-1.11626,-0.588075]
[-1.11491,-0.586734]
[-1.11355,-0.585394]
[-1.1122,-0.584054]
[-1.11084,-0.582715]
[-1.10949,-0.581376]
[-1.10814,-0.580037]
[-1.10679,-0.578699]
[-1.10543,-0.577362]
[-1.10408,-0.576025]
[-1.10273,-0.574688]
[-1.10138,-0.573352]
[-1.10003,-0.572017]
[-1.09869,-0.570682]
[-1.09734,-0.569347]
[-1.09599,-0.568013]
[-1.09464,-0.566679]
[-1.0933,-0.565346]
[-1.09195,-0.564014]
[-1.0906,-0.562681]
[-1.08926,-0.56135]
[-1.08791,-0.560018]
[-1.08657,-0.558688]
[-1.08522,-0.557357]
[-1.08388,-0.556027]
[-1.08254,-0.554698]
[-1.0812,-0.553369]
[-1.07985,-0.552041]
[-1.07851,-0.550713]
[-1.07717,-0.549385]
[-1.07583,-0.548058]
[-1.07449,-0.546731]
[-1.07315,-0.545405]
[-1.07181,-0.54408]
[-1.07047,-0.542754]
[-1.06914,-0.54143]
[-1.0678,-0.540105]
[-1.06646,-0.538782]
[-1.06513,-0.537458]
[-1.06379,-0.536135]
[-1.06245,-0.534813]
[-1.06112,-0.533491]
[-1.05978,-0.532169]
[-1.05845,-0.530848]
[-1.05712,-0.529528]
[-1.05578,-0.528207]
[-1.05445,-0.526888]
[-1.05312,-0.525568]
[-1.05179,-0.52425]
[-1.05046,-0.522931]
[-1.04913,-0.521613]
[-1.04779,-0.520296]
[-1.04647,-0.518979]
[-1.04514,-0.517662]
[-1.04381,-0.516346]
[-1.04248,-0.515031]
[-1.04115,-0.513715]
[-1.03982,-0.512401]
[-1.0385,-0.511086]
[-1.03717,-0.509772]
[-1.03584,-0.508459]
[-1.03452,-0.507146]
[-1.03319,-0.505833]
[-1.03187,-0.504521]
[-1.03054,-0.50321]
[-1.02922,-0.501898]
[-1.0279,-0.500588]
[-1.02657,-0.499277]
[-1.02525,-0.497967]
[-1.02393,-0.496658]
[-1.02261,-0.495349]
[-1.02129,-0.49404]
[-1.01997,-0.492732]
[-1.01865,-0.491424]
[-1.01733,-0.490117]
[-1.01601,-0.48881]
[-1.01469,-0.487504]
[-1.01337,-0.486198]
[-1.01205,-0.484892]
[-1.01074,-0.483587]
[-1.00942,-0.482283]
[-1.0081,-0.480978]
[-1.00679,-0.479674]
[-1.00547,-0.478371]
[-1.00416,-0.477068]
[-1.00284,-0.475766]
[-1.00153,-0.474463]
[-1.00021,-0.473162]
[-0.998902,-0.471861]
[-0.997589,-0.47056]
[-0.996276,-0.469259]
[-0.994965,-0.467959]
[-0.993653,-0.46666]
[-0.992342,-0.465361]
[-0.991032,-0.464062]
[-0.989722,-0.462764]
[-0.988412,-0.461466]
[-0.987103,-0.460168]
[-0.985794,-0.458871]
[-0.984486,-0.457575]
[-0.983178,-0.456279]
[-0.98187,-0.454983]
[-0.980563,-0.453688]
[-0.979257,-0.452393]
[-0.977951,-0.451098]
[-0.976645,-0.449804]
[-0.97534,-0.448511]
[-0.974035,-0.447217]
[-0.972731,-0.445925]
[-0.971427,-0.444632]
[-0.970123,-0.44334]
[-0.96882,-0.442049]
[-0.967518,-0.440757]
[-0.966215,-0.439467]
[-0.964914,-0.438176]
[-0.963612,-0.436886]
[-0.962311,-0.435597]
[-0.961011,-0.434308]
[-0.959711,-0.433019]
[-0.958411,-0.431731]
[-0.957112,-0.430443]
[-0.955814,-0.429155]
[-0.954515,-0.427868]
[-0.953217,-0.426582]
[-0.95192,-0.425296]
[-0.950623,-0.42401]
[-0.949326,-0.422724]
[-0.94803,-0.421439]
[-0.946734,-0.420155]
[-0.945439,-0.418871]
[-0.944144,-0.417587]
[-0.94285,-0.416303]
[-0.941556,-0.41502]
[-0.940262,-0.413738]
[-0.938969,-0.412456]
[-0.937676,-0.411174]
[-0.936384,-0.409892]
[-0.935092,-0.408611]
[-0.9338,-0.407331]
[-0.932509,-0.406051]
[-0.931219,-0.404771]
[-0.929928,-0.403492]
[-0.928639,-0.402213]
[-0.927349,-0.400934]
[-0.92606,-0.399656]
[-0.924772,-0.398378]
[-0.923484,-0.397101]
[-0.922196,-0.395824]
[-0.920908,-0.394547]
[-0.919622,-0.393271]
[-0.918335,-0.391995]
[-0.917049,-0.39072]
[-0.915763,-0.389445]
[-0.914478,-0.38817]
[-0.913193,-0.386896]
[-0.911909,-0.385622]
[-0.910625,-0.384349]
[-0.909341,-0.383076]
[-0.908058,-0.381803]
[-0.906775,-0.380531]
[-0.905493,-0.379259]
[-0.904211,-0.377987]
[-0.902929,-0.376716]
[-0.901648,-0.375445]
[-0.900367,-0.374175]
[-0.899087,-0.372905]
[-0.897807,-0.371636]
[-0.896528,-0.370367]
[-0.895249,-0.369098]
[-0.89397,-0.367829]
[-0.892692,-0.366561]
[-0.891414,-0.365294]
[-0.890136,-0.364027]
[-0.888859,-0.36276]
[-0.887582,-0.361493]
[-0.886306,-0.360227]
[-0.88503,-0.358962]
[-0.883755,-0.357696]
[-0.88248,-0.356431]
[-0.881205,-0.355167]
[-0.879931,-0.353903]
[-0.878657,-0.352639]
[-0.877383,-0.351376]
[-0.87611,-0.350113]
[-0.874838,-0.34885]
[-0.873565,-0.347588]
[-0.872293,-0.346326]
[-0.871022,-0.345064]
[-0.869751,-0.343803]
[-0.86848,-0.342543]
[-0.86721,-0.341282]
[-0.86594,-0.340022]
[-0.86467,-0.338763]
[-0.863401,-0.337504]
[-0.862133,-0.336245]
[-0.860864,-0.334986]
[-0.859596,-0.333728]
[-0.858329,-0.33247]
[-0.857062,-0.331213]
[-0.855795,-0.329956]
[-0.854528,-0.3287]
[-0.853262,-0.327443]
[-0.851997,-0.326188]
[-0.850732,-0.324932]
[-0.849467,-0.323677]
[-0.848202,-0.322422]
[-0.846938,-0.321168]
[-0.845675,-0.319914]
[-0.844412,-0.31866]
[-0.843149,-0.317407]
[-0.841886,-0.316154]
[-0.840624,-0.314902]
[-0.839362,-0.31365]
[-0.838101,-0.312398]
[-0.83684,-0.311147]
[-0.83558,-0.309896]
[-0.83432,-0.308645]
[-0.83306,-0.307395]
[-0.8318,-0.306145]
[-0.830541,-0.304895]
[-0.829283,-0.303646]
[-0.828025,-0.302397]
[-0.826767,-0.301149]
[-0.825509,-0.299901]
[-0.824252,-0.298653]
[-0.822995,-0.297406]
[-0.821739,-0.296159]
[-0.820483,-0.294912]
[-0.819228,-0.293666]
[-0.817972,-0.29242]
[-0.816718,-0.291175]
[-0.815463,-0.28993]
[-0.814209,-0.288685]
[-0.812956,-0.28744]
[-0.811702,-0.286196]
[-0.810449,-0.284953]
[-0.809197,-0.283709]
[-0.807945,-0.282466]
[-0.806693,-0.281224]
[-0.805442,-0.279982]
[-0.804191,-0.27874]
[-0.80294,-0.277498]
[-0.80169,-0.276257]
[-0.80044,-0.275016]
[-0.79919,-0.273776]
[-0.797941,-0.272536]
[-0.796692,-0.271296]
[-0.795444,-0.270057]
[-0.794196,-0.268818]
[-0.792948,-0.267579]
[-0.791701,-0.266341]
[-0.790454,-0.265103]
[-0.789208,-0.263865]
[-0.787962,-0.262628]
[-0.786716,-0.261391]
[-0.78547,-0.260155]
[-0.784225,-0.258919]
[-0.782981,-0.257683]
[-0.781736,-0.256447]
[-0.780493,-0.255212]
[-0.779249,-0.253978]
[-0.778006,-0.252743]
[-0.776763,-0.251509]
[-0.775521,-0.250275]
[-0.774278,-0.249042]
[-0.773037,-0.247809]
[-0.771795,-0.246577]
[-0.770554,-0.245344]
[-0.769314,-0.244113]
[-0.768074,-0.242881]
[-0.766834,-0.24165]
[-0.765594,-0.240419]
[-0.764355,-0.239188]
[-0.763116,-0.237958]
[-0.761878,-0.236729]
[-0.76064,-0.235499]
[-0.759402,-0.23427]
[-0.758165,-0.233041]
[-0.756928,-0.231813]
[-0.755691,-0.230585]
[-0.754455,-0.229357]
[-0.753219,-0.22813]
[-0.751984,-0.226903]
[-0.750749,-0.225676]
[-0.749514,-0.22445]
[-0.74828,-0.223224]
[-0.747046,-0.221999]
[-0.745812,-0.220773]
[-0.744579,-0.219548]
[-0.743346,-0.218324]
[-0.742113,-0.2171]
[-0.740881,-0.215876]
[-0.739649,-0.214652]
[-0.738418,-0.213429]
[-0.737186,-0.212206]
[-0.735956,-0.210984]
[-0.734725,-0.209762]
[-0.733495,-0.20854]
[-0.732265,-0.207319]
[-0.731036,-0.206098]
[-0.729807,-0.204877]
[-0.728578,-0.203656]
[-0.72735,-0.202436]
[-0.726122,-0.201217]
[-0.724895,-0.199997]
[-0.723667,-0.198778]
[-0.722441,-0.19756]
[-0.721214,-0.196341]
[-0.719988,-0.195123]
[-0.718762,-0.193906]
[-0.717537,-0.192688]
[-0.716312,-0.191472]
[-0.715087,-0.190255]
[-0.713863,-0.189039]
[-0.712639,-0.187823]
[-0.711415,-0.186607]
[-0.710192,-0.185392]
[-0.708969,-0.184177]
[-0.707746,-0.182962]
[-0.706524,-0.181748]
[-0.705302,-0.180534]
[-0.704081,-0.179321]
[-0.70286,-0.178108]
[-0.701639,-0.176895]
[-0.700418,-0.175682]
[-0.699198,-0.17447]
[-0.697978,-0.173258]
[-0.696759,-0.172047]
[-0.69554,-0.170836]
[-0.694321,-0.169625]
[-0.693103,-0.168414]
[-0.691885,-0.167204]
[-0.690667,-0.165994]
[-0.68945,-0.164785]
[-0.688233,-0.163576]
[-0.687016,-0.162367]
[-0.6858,-0.161158]
[-0.684584,-0.15995]
[-0.683369,-0.158742]
[-0.682154,-0.157535]
[-0.680939,-0.156328]
[-0.679724,-0.155121]
[-0.67851,-0.153915]
[-0.677296,-0.152709]
[-0.676083,-0.151503]
[-0.67487,-0.150297]
[-0.673657,-0.149092]
[-0.672445,-0.147888]
[-0.671233,-0.146683]
[-0.670021,-0.145479]
[-0.668809,-0.144275]
[-0.667598,-0.143072]
[-0.666388,-0.141869]
[-0.665177,-0.140666]
[-0.663967,-0.139464]
[-0.662758,-0.138262]
[-0.661549,-0.13706]
[-0.66034,-0.135858]
[-0.659131,-0.134657]
[-0.657923,-0.133457]
[-0.656715,-0.132256]
[-0.655507,-0.131056]
[-0.6543,-0.129856]
[-0.653093,-0.128657]
[-0.651887,-0.127458]
[-0.65068,-0.126259]
[-0.649475,-0.125061]
[-0.648269,-0.123863]
[-0.647064,-0.122665]
[-0.645859,-0.121467]
[-0.644655,-0.12027]
[-0.643451,-0.119073]
[-0.642247,-0.117877]
[-0.641043,-0.116681]
[-0.63984,-0.115485]
[-0.638638,-0.11429]
[-0.637435,-0.113095]
[-0.636233,-0.1119]
[-0.635031,-0.110705]
[-0.63383,-0.109511]
[-0.632629,-0.108318]
[-0.631428,-0.107124]
[-0.630228,-0.105931]
[-0.629028,-0.104738]
[-0.627828,-0.103546]
[-0.626629,-0.102354]
[-0.62543,-0.101162]
[-0.624231,-0.0999702]
[-0.623033,-0.0987791]
[-0.621835,-0.0975883]
[-0.620637,-0.0963978]
[-0.61944,-0.0952076]
[-0.618243,-0.0940178]
[-0.617046,-0.0928283]
[-0.61585,-0.0916391]
[-0.614654,-0.0904503]
[-0.613459,-0.0892617]
[-0.612263,-0.0880735]
[-0.611068,-0.0868857]
[-0.609874,-0.0856981]
[-0.60868,-0.0845109]
[-0.607486,-0.083324]
[-0.606292,-0.0821375]
[-0.605099,-0.0809513]
[-0.603906,-0.0797654]
[-0.602714,-0.0785798]
[-0.601521,-0.0773945]
[-0.600329,-0.0762096]
[-0.599138,-0.075025]
[-0.597947,-0.0738408]
[-0.596756,-0.0726568]
[-0.595565,-0.0714732]
[-0.594375,-0.0702899]
[-0.593185,-0.0691069]
[-0.591996,-0.0679243]
[-0.590807,-0.066742]
[-0.589618,-0.06556]
[-0.588429,-0.0643783]
[-0.587241,-0.063197]
[-0.586053,-0.062016]
[-0.584866,-0.0608353]
[-0.583679,-0.059655]
[-0.582492,-0.0584749]
[-0.581305,-0.0572952]
[-0.580119,-0.0561158]
[-0.578933,-0.0549368]
[-0.577748,-0.053758]
[-0.576563,-0.0525796]
[-0.575378,-0.0514015]
[-0.574193,-0.0502238]
[-0.573009,-0.0490463]
[-0.571825,-0.0478692]
[-0.570642,-0.0466924]
[-0.569459,-0.045516]
[-0.568276,-0.0443398]
[-0.567094,-0.043164]
[-0.565911,-0.0419885]
[-0.56473,-0.0408134]
[-0.563548,-0.0396385]
[-0.562367,-0.038464]
[-0.561186,-0.0372898]
[-0.560006,-0.0361159]
[-0.558826,-0.0349424]
[-0.557646,-0.0337691]
[-0.556466,-0.0325962]
[-0.555287,-0.0314237]
[-0.554108,-0.0302514]
[-0.55293,-0.0290795]
[-0.551752,-0.0279078]
[-0.550574,-0.0267366]
[-0.549396,-0.0255656]
[-0.548219,-0.0243949]
[-0.547042,-0.0232246]
[-0.545866,-0.0220546]
[-0.54469,-0.0208849]
[-0.543514,-0.0197156]
[-0.542339,-0.0185465]
[-0.541163,-0.0173778]
[-0.539989,-0.0162094]
[-0.538814,-0.0150414]
[-0.53764,-0.0138736]
[-0.536466,-0.0127062]
[-0.535293,-0.0115391]
[-0.534119,-0.0103723]
[-0.532947,-0.00920586]
[-0.531774,-0.00803972]
[-0.530602,-0.00687391]
[-0.52943,-0.00570841]
[-0.528259,-0.00454324]
[-0.527087,-0.00337839]
[-0.525917,-0.00221385]
[-0.524746,-0.00104965]
[-0.523576,0.000114243]
[-0.522406,0.00127781]
[-0.521237,0.00244106]
[-0.520067,0.00360398]
[-0.518899,0.00476659]
[-0.51773,0.00592887]
[-0.516562,0.00709083]
[-0.515394,0.00825247]
[-0.514226,0.0094138]
[-0.513059,0.0105748]
[-0.511892,0.0117355]
[-0.510726,0.0128958]
[-0.50956,0.0140559]
[-0.508394,0.0152156]
[-0.507228,0.016375]
[-0.506063,0.0175341]
[-0.504898,0.0186928]
[-0.503733,0.0198513]
[-0.502569,0.0210094]
[-0.501405,0.0221672]
[-0.500242,0.0233246]
[-0.499078,0.0244818]
[-0.497915,0.0256386]
[-0.496753,0.0267952]
[-0.495591,0.0279514]
[-0.494429,0.0291072]
[-0.493267,0.0302628]
[-0.492106,0.031418]
[-0.490945,0.0325729]
[-0.489784,0.0337275]
[-0.488624,0.0348818]
[-0.487464,0.0360358]
[-0.486304,0.0371894]
[-0.485145,0.0383427]
[-0.483986,0.0394957]
[-0.482827,0.0406484]
[-0.481669,0.0418008]
[-0.480511,0.0429528]
[-0.479353,0.0441045]
[-0.478196,0.0452559]
[-0.477039,0.046407]
[-0.475882,0.0475578]
[-0.474726,0.0487082]
[-0.47357,0.0498583]
[-0.472414,0.0510081]
[-0.471259,0.0521576]
[-0.470104,0.0533068]
[-0.468949,0.0544556]
[-0.467795,0.0556041]
[-0.466641,0.0567523]
[-0.465487,0.0579002]
[-0.464333,0.0590478]
[-0.46318,0.060195]
[-0.462028,0.061342]
[-0.460875,0.0624886]
[-0.459723,0.0636349]
[-0.458571,0.0647808]
[-0.45742,0.0659265]
[-0.456269,0.0670718]
[-0.455118,0.0682168]
[-0.453968,0.0693615]
[-0.452817,0.0705059]
[-0.451668,0.07165]
[-0.450518,0.0727937]
[-0.449369,0.0739371]
[-0.44822,0.0750802]
[-0.447072,0.076223]
[-0.445924,0.0773655]
[-0.444776,0.0785076]
[-0.443628,0.0796494]
[-0.442481,0.0807909]
[-0.441334,0.0819321]
[-0.440188,0.083073]
[-0.439041,0.0842135]
[-0.437896,0.0853538]
[-0.43675,0.0864937]
[-0.435605,0.0876333]
[-0.43446,0.0887725]
[-0.433315,0.0899115]
[-0.432171,0.0910501]
[-0.431027,0.0921884]
[-0.429884,0.0933264]
[-0.42874,0.0944641]
[-0.427597,0.0956015]
[-0.426455,0.0967385]
[-0.425313,0.0978752]
[-0.424171,0.0990116]
[-0.423029,0.100148]
[-0.421888,0.101283]
[-0.420747,0.102419]
[-0.419606,0.103554]
[-0.418466,0.104689]
[-0.417326,0.105823]
[-0.416186,0.106958]
[-0.415047,0.108091]
[-0.413908,0.109225]
[-0.412769,0.110358]
[-0.411631,0.111491]
[-0.410493,0.112624]
[-0.409355,0.113756]
[-0.408218,0.114888]
[-0.407081,0.116019]
[-0.405944,0.117151]
[-0.404807,0.118282]
[-0.403671,0.119412]
[-0.402536,0.120543]
[-0.4014,0.121673]
[-0.400265,0.122802]
[-0.39913,0.123932]
[-0.397996,0.125061]
[-0.396862,0.12619]
[-0.395728,0.127318]
[-0.394595,0.128446]
[-0.393461,0.129574]
[-0.392329,0.130701]
[-0.391196,0.131828]
[-0.390064,0.132955]
[-0.388932,0.134082]
[-0.387801,0.135208]
[-0.38667,0.136334]
[-0.385539,0.137459]
[-0.384408,0.138585]
[-0.383278,0.13971]
[-0.382148,0.140834]
[-0.381019,0.141958]
[-0.379889,0.143082]
[-0.378761,0.144206]
[-0.377632,0.145329]
[-0.376504,0.146452]
[-0.375376,0.147575]
[-0.374248,0.148697]
[-0.373121,0.149819]
[-0.371994,0.150941]
[-0.370868,0.152062]
[-0.369741,0.153183]
[-0.368615,0.154304]
[-0.36749,0.155425]
[-0.366365,0.156545]
[-0.36524,0.157665]
[-0.364115,0.158784]
[-0.362991,0.159903]
[-0.361867,0.161022]
[-0.360743,0.162141]
[-0.35962,0.163259]
[-0.358497,0.164377]
[-0.357374,0.165494]
[-0.356252,0.166611]
[-0.35513,0.167728]
[-0.354008,0.168845]
[-0.352887,0.169961]
[-0.351766,0.171077]
[-0.350645,0.172193]
[-0.349525,0.173308]
[-0.348405,0.174423]
[-0.347285,0.175538]
[-0.346166,0.176652]
[-0.345046,0.177766]
[-0.343928,0.17888]
[-0.342809,0.179993]
[-0.341691,0.181106]
[-0.340574,0.182219]
[-0.339456,0.183331]
[-0.338339,0.184443]
[-0.337222,0.185555]
[-0.336106,0.186667]
[-0.33499,0.187778]
[-0.333874,0.188889]
[-0.332759,0.189999]
[-0.331643,0.191109]
[-0.330529,0.192219]
[-0.329414,0.193329]
[-0.3283,0.194438]
[-0.327186,0.195547]
[-0.326073,0.196655]
[-0.32496,0.197764]
[-0.323847,0.198871]
[-0.322734,0.199979]
[-0.321622,0.201086]
[-0.32051,0.202193]
[-0.319399,0.2033]
[-0.318288,0.204406]
[-0.317177,0.205512]
[-0.316066,0.206618]
[-0.314956,0.207723]
[-0.313846,0.208828]
[-0.312737,0.209933]
[-0.311627,0.211037]
[-0.310519,0.212141]
[-0.30941,0.213245]
[-0.308302,0.214348]
[-0.307194,0.215452]
[-0.306086,0.216554]
[-0.304979,0.217657]
[-0.303872,0.218759]
[-0.302766,0.219861]
[-0.301659,0.220962]
[-0.300553,0.222063]
[-0.299448,0.223164]
[-0.298343,0.224265]
[-0.297238,0.225365]
[-0.296133,0.226465]
[-0.295029,0.227564]
[-0.293925,0.228663]
[-0.292821,0.229762]
[-0.291718,0.230861]
[-0.290615,0.231959]
[-0.289512,0.233057]
[-0.28841,0.234154]
[-0.287308,0.235252]
[-0.286207,0.236349]
[-0.285105,0.237445]
[-0.284004,0.238542]
[-0.282904,0.239638]
[-0.281803,0.240733]
[-0.280703,0.241828]
[-0.279604,0.242923]
[-0.278505,0.244018]
[-0.277406,0.245112]
[-0.276307,0.246206]
[-0.275209,0.2473]
[-0.274111,0.248394]
[-0.273013,0.249487]
[-0.271916,0.250579]
[-0.270819,0.251672]
[-0.269722,0.252764]
[-0.268626,0.253855]
[-0.26753,0.254947]
[-0.266434,0.256038]
[-0.265339,0.257129]
[-0.264244,0.258219]
[-0.263149,0.259309]
[-0.262055,0.260399]
[-0.260961,0.261489]
[-0.259867,0.262578]
[-0.258774,0.263667]
[-0.257681,0.264755]
[-0.256588,0.265843]
[-0.255495,0.266931]
[-0.254403,0.268018]
[-0.253312,0.269106]
[-0.25222,0.270193]
[-0.251129,0.271279]
[-0.250039,0.272365]
[-0.248948,0.273451]
[-0.247858,0.274537]
[-0.246769,0.275622]
[-0.245679,0.276707]
[-0.24459,0.277791]
[-0.243502,0.278876]
[-0.242413,0.279959]
[-0.241325,0.281043]
[-0.240238,0.282126]
[-0.23915,0.283209]
[-0.238063,0.284292]
[-0.236976,0.285374]
[-0.23589,0.286456]
[-0.234804,0.287538]
[-0.233718,0.288619]
[-0.232633,0.2897]
[-0.231548,0.290781]
[-0.230463,0.291861]
[-0.229379,0.292941]
[-0.228295,0.29402]
[-0.227211,0.2951]
[-0.226128,0.296179]
[-0.225045,0.297257]
[-0.223962,0.298336]
[-0.22288,0.299414]
[-0.221798,0.300491]
[-0.220716,0.301569]
[-0.219635,0.302646]
[-0.218554,0.303722]
[-0.217473,0.304799]
[-0.216393,0.305875]
[-0.215313,0.30695]
[-0.214233,0.308026]
[-0.213154,0.309101]
[-0.212075,0.310176]
[-0.210996,0.31125]
[-0.209918,0.312324]
[-0.20884,0.313398]
[-0.207762,0.314471]
[-0.206685,0.315544]
[-0.205608,0.316617]
[-0.204531,0.317689]
[-0.203455,0.318761]
[-0.202379,0.319833]
[-0.201303,0.320904]
[-0.200228,0.321975]
[-0.199153,0.323046]
[-0.198078,0.324117]
[-0.197004,0.325187]
[-0.19593,0.326256]
[-0.194857,0.327326]
[-0.193783,0.328395]
[-0.19271,0.329464]
[-0.191638,0.330532]
[-0.190565,0.3316]
[-0.189494,0.332668]
[-0.188422,0.333735]
[-0.187351,0.334802]
[-0.18628,0.335869]
[-0.185209,0.336936]
[-0.184139,0.338002]
[-0.183069,0.339067]
[-0.182,0.340133]
[-0.18093,0.341198]
[-0.179861,0.342263]
[-0.178793,0.343327]
[-0.177725,0.344391]
[-0.176657,0.345455]
[-0.175589,0.346518]
[-0.174522,0.347581]
[-0.173455,0.348644]
[-0.172389,0.349706]
[-0.171323,0.350769]
[-0.170257,0.35183]
[-0.169191,0.352892]
[-0.168126,0.353953]
[-0.167061,0.355013]
[-0.165997,0.356074]
[-0.164933,0.357134]
[-0.163869,0.358194]
[-0.162805,0.359253]
[-0.161742,0.360312]
[-0.16068,0.361371]
[-0.159617,0.362429]
[-0.158555,0.363487]
[-0.157493,0.364545]
[-0.156432,0.365602]
[-0.155371,0.366659]
[-0.15431,0.367716]
[-0.15325,0.368773]
[-0.15219,0.369829]
[-0.15113,0.370884]
[-0.150071,0.37194]
[-0.149012,0.372995]
[-0.147953,0.374049]
[-0.146895,0.375104]
[-0.145837,0.376158]
[-0.144779,0.377211]
[-0.143722,0.378265]
[-0.142665,0.379318]
[-0.141608,0.38037]
[-0.140552,0.381423]
[-0.139496,0.382475]
[-0.13844,0.383526]
[-0.137385,0.384578]
[-0.13633,0.385629]
[-0.135275,0.386679]
[-0.134221,0.38773]
[-0.133167,0.38878]
[-0.132114,0.389829]
[-0.131061,0.390878]
[-0.130008,0.391927]
[-0.128955,0.392976]
[-0.127903,0.394024]
[-0.126851,0.395072]
[-0.1258,0.39612]
[-0.124749,0.397167]
[-0.123698,0.398214]
[-0.122647,0.39926]
[-0.121597,0.400307]
[-0.120548,0.401353]
[-0.119498,0.402398]
[-0.118449,0.403443]
[-0.1174,0.404488]
[-0.116352,0.405533]
[-0.115304,0.406577]
[-0.114256,0.407621]
[-0.113209,0.408664]
[-0.112162,0.409707]
[-0.111115,0.41075]
[-0.110069,0.411793]
[-0.109023,0.412835]
[-0.107978,0.413877]
[-0.106932,0.414918]
[-0.105887,0.415959]
[-0.104843,0.417]
[-0.103799,0.41804]
[-0.102755,0.41908]
[-0.101711,0.42012]
[-0.100668,0.421159]
[-0.0996253,0.422199]
[-0.0985829,0.423237]
[-0.0975407,0.424276]
[-0.096499,0.425314]
[-0.0954575,0.426351]
[-0.0944165,0.427389]
[-0.0933757,0.428426]
[-0.0923353,0.429462]
[-0.0912953,0.430499]
[-0.0902556,0.431534]
[-0.0892163,0.43257]
[-0.0881773,0.433605]
[-0.0871387,0.43464]
[-0.0861004,0.435675]
[-0.0850624,0.436709]
[-0.0840248,0.437743]
[-0.0829876,0.438776]
[-0.0819507,0.43981]
[-0.0809142,0.440843]
[-0.079878,0.441875]
[-0.0788421,0.442907]
[-0.0778066,0.443939]
[-0.0767715,0.44497]
[-0.0757367,0.446002]
[-0.0747023,0.447032]
[-0.0736682,0.448063]
[-0.0726345,0.449093]
[-0.0716011,0.450123]
[-0.070568,0.451152]
[-0.0695354,0.452181]
[-0.068503,0.45321]
[-0.0674711,0.454238]
[-0.0664394,0.455266]
[-0.0654082,0.456294]
[-0.0643772,0.457321]
[-0.0633467,0.458348]
[-0.0623164,0.459374]
[-0.0612866,0.460401]
[-0.0602571,0.461427]
[-0.0592279,0.462452]
[-0.0581991,0.463477]
[-0.0571707,0.464502]
[-0.0561426,0.465527]
[-0.0551148,0.466551]
[-0.0540874,0.467575]
[-0.0530604,0.468598]
[-0.0520337,0.469621]
[-0.0510074,0.470644]
[-0.0499814,0.471666]
[-0.0489558,0.472688]
[-0.0479305,0.47371]
[-0.0469056,0.474731]
[-0.045881,0.475752]
[-0.0448568,0.476773]
[-0.043833,0.477793]
[-0.0428095,0.478813]
[-0.0417864,0.479833]
[-0.0407636,0.480852]
[-0.0397412,0.481871]
[-0.0387191,0.48289]
[-0.0376974,0.483908]
[-0.036676,0.484926]
[-0.035655,0.485943]
[-0.0346344,0.48696]
[-0.0336141,0.487977]
[-0.0325942,0.488993]
[-0.0315746,0.49001]
[-0.0305554,0.491025]
[-0.0295365,0.492041]
[-0.028518,0.493056]
[-0.0274999,0.49407]
[-0.0264821,0.495085]
[-0.0254647,0.496099]
[-0.0244476,0.497112]
[-0.0234309,0.498125]
[-0.0224145,0.499138]
[-0.0213985,0.500151]
[-0.0203829,0.501163]
[-0.0193676,0.502175]
[-0.0183527,0.503186]
[-0.0173381,0.504197]
[-0.0163239,0.505208]
[-0.0153101,0.506219]
[-0.0142966,0.507229]
[-0.0132835,0.508238]
[-0.0122707,0.509248]
[-0.0112583,0.510257]
[-0.0102463,0.511265]
[-0.00923462,0.512273]
[-0.00822329,0.513281]
[-0.00721233,0.514289]
[-0.00620173,0.515296]
[-0.0051915,0.516303]
[-0.00418162,0.517309]
[-0.0031721,0.518316]
[-0.00216295,0.519321]
[-0.00115416,0.520327]
[-0.000145725,0.521332]
[0.000862345,0.522336]
[0.00187005,0.523341]
[0.0028774,0.524345]
[0.00388438,0.525348]
[0.004891,0.526352]
[0.00589726,0.527355]
[0.00690315,0.528357]
[0.00790868,0.529359]
[0.00891385,0.530361]
[0.00991866,0.531363]
[0.0109231,0.532364]
[0.0119272,0.533364]
[0.0129309,0.534365]
[0.0139342,0.535365]
[0.0149372,0.536364]
[0.0159398,0.537364]
[0.0169421,0.538363]
[0.017944,0.539361]
[0.0189455,0.540359]
[0.0199467,0.541357]
[0.0209475,0.542355]
[0.0219479,0.543352]
[0.022948,0.544349]
[0.0239477,0.545345]
[0.024947,0.546341]
[0.025946,0.547337]
[0.0269446,0.548332]
[0.0279428,0.549327]
[0.0289407,0.550322]
[0.0299382,0.551316]
[0.0309353,0.55231]
[0.0319321,0.553303]
[0.0329285,0.554296]
[0.0339245,0.555289]
[0.0349202,0.556282]
[0.0359155,0.557274]
[0.0369104,0.558265]
[0.037905,0.559257]
[0.0388992,0.560248]
[0.039893,0.561238]
[0.0408865,0.562228]
[0.0418796,0.563218]
[0.0428723,0.564208]
[0.0438647,0.565197]
[0.0448567,0.566186]
[0.0458483,0.567174]
[0.0468395,0.568162]
[0.0478304,0.56915]
[0.0488209,0.570137]
[0.049811,0.571124]
[0.0508008,0.57211]
[0.0517902,0.573097]
[0.0527792,0.574083]
[0.0537679,0.575068]
[0.0547562,0.576053]
[0.0557441,0.577038]
[0.0567316,0.578022]
[0.0577188,0.579006]
[0.0587056,0.57999]
[0.059692,0.580973]
[0.0606781,0.581956]
[0.0616638,0.582938]
[0.0626491,0.583921]
[0.063634,0.584902]
[0.0646186,0.585884]
[0.0656028,0.586865]
[0.0665866,0.587845]
[0.06757,0.588826]
[0.0685531,0.589806]
[0.0695358,0.590785]
[0.0705181,0.591764]
[0.0715001,0.592743]
[0.0724817,0.593722]
[0.0734629,0.5947]
[0.0744437,0.595678]
[0.0754242,0.596655]
[0.0764043,0.597632]
[0.077384,0.598608]
[0.0783633,0.599585]
[0.0793423,0.60056]
[0.0803208,0.601536]
[0.081299,0.602511]
[0.0822769,0.603486]
[0.0832543,0.60446]
[0.0842314,0.605434]
[0.0852081,0.606408]
[0.0861844,0.607381]
[0.0871604,0.608354]
[0.088136,0.609326]
[0.0891112,0.610298]
[0.090086,0.61127]
[0.0910604,0.612242]
[0.0920345,0.613213]
[0.0930082,0.614183]
[0.0939815,0.615153]
[0.0949544,0.616123]
[0.095927,0.617093]
[0.0968991,0.618062]
[0.0978709,0.619031]
[0.0988424,0.619999]
[0.0998134,0.620967]
[0.100784,0.621935]
[0.101754,0.622902]
[0.102724,0.623869]
[0.103694,0.624835]
[0.104663,0.625801]
[0.105632,0.626767]
[0.1066,0.627733]
[0.107568,0.628698]
[0.108536,0.629662]
[0.109503,0.630626]
[0.11047,0.63159]
[0.111436,0.632554]
[0.112402,0.633517]
[0.113368,0.634479]
[0.114333,0.635442]
[0.115298,0.636404]
[0.116263,0.637365]
[0.117227,0.638327]
[0.118191,0.639287]
[0.119154,0.640248]
[0.120117,0.641208]
[0.12108,0.642168]
[0.122042,0.643127]
[0.123004,0.644086]
[0.123966,0.645044]
[0.124927,0.646002]
[0.125888,0.64696]
[0.126848,0.647918]
[0.127808,0.648875]
[0.128768,0.649831]
[0.129727,0.650788]
[0.130686,0.651743]
[0.131644,0.652699]
[0.132602,0.653654]
[0.13356,0.654609]
[0.134517,0.655563]
[0.135474,0.656517]
[0.13643,0.657471]
[0.137386,0.658424]
[0.138342,0.659377]
[0.139298,0.660329]
[0.140253,0.661281]
[0.141207,0.662233]
[0.142161,0.663184]
[0.143115,0.664135]
[0.144069,0.665085]
[0.145022,0.666036]
[0.145974,0.666985]
[0.146926,0.667935]
[0.147878,0.668884]
[0.14883,0.669832]
[0.149781,0.67078]
[0.150732,0.671728]
[0.151682,0.672676]
[0.152632,0.673623]
[0.153581,0.674569]
[0.15453,0.675516]
[0.155479,0.676462]
[0.156428,0.677407]
[0.157376,0.678352]
[0.158323,0.679297]
[0.15927,0.680241]
[0.160217,0.681185]
[0.161164,0.682129]
[0.16211,0.683072]
[0.163055,0.684015]
[0.164,0.684957]
[0.164945,0.685899]
[0.16589,0.686841]
[0.166834,0.687782]
[0.167778,0.688723]
[0.168721,0.689663]
[0.169664,0.690603]
[0.170606,0.691543]
[0.171548,0.692482]
[0.17249,0.693421]
[0.173431,0.69436]
[0.174372,0.695298]
[0.175313,0.696235]
[0.176253,0.697173]
[0.177193,0.69811]
[0.178132,0.699046]
[0.179071,0.699982]
[0.18001,0.700918]
[0.180948,0.701853]
[0.181885,0.702788]
[0.182823,0.703723]
[0.18376,0.704657]
[0.184696,0.705591]
[0.185633,0.706524]
[0.186568,0.707457]
[0.187504,0.70839]
[0.188439,0.709322]
[0.189373,0.710254]
[0.190308,0.711185]
[0.191241,0.712117]
[0.192175,0.713047]
[0.193108,0.713977]
[0.19404,0.714907]
[0.194973,0.715837]
[0.195904,0.716766]
[0.196836,0.717694]
[0.197767,0.718623]
[0.198698,0.719551]
[0.199628,0.720478]
[0.200558,0.721405]
[0.201487,0.722332]
[0.202416,0.723258]
[0.203345,0.724184]
[0.204273,0.72511]
[0.205201,0.726035]
[0.206128,0.726959]
[0.207055,0.727884]
[0.207982,0.728808]
[0.208908,0.729731]
[0.209834,0.730654]
[0.210759,0.731577]
[0.211685,0.732499]
[0.212609,0.733421]
[0.213533,0.734343]
[0.214457,0.735264]
[0.215381,0.736185]
[0.216304,0.737105]
[0.217226,0.738025]
[0.218149,0.738944]
[0.21907,0.739863]
[0.219992,0.740782]
[0.220913,0.741701]
[0.221833,0.742618]
[0.222754,0.743536]
[0.223673,0.744453]
[0.224593,0.74537]
[0.225512,0.746286]
[0.22643,0.747202]
[0.227349,0.748118]
[0.228266,0.749033]
[0.229184,0.749947]
[0.230101,0.750862]
[0.231017,0.751776]
[0.231933,0.752689]
[0.232849,0.753602]
[0.233765,0.754515]
[0.234679,0.755427]
[0.235594,0.756339]
[0.236508,0.757251]
[0.237422,0.758162]
[0.238335,0.759072]
[0.239248,0.759983]
[0.240161,0.760892]
[0.241073,0.761802]
[0.241984,0.762711]
[0.242896,0.76362]
[0.243807,0.764528]
[0.244717,0.765436]
[0.245627,0.766343]
[0.246537,0.76725]
[0.247446,0.768157]
[0.248355,0.769063]
[0.249263,0.769969]
[0.250171,0.770874]
[0.251079,0.771779]
[0.251986,0.772684]
[0.252893,0.773588]
[0.253799,0.774492]
[0.254705,0.775395]
[0.255611,0.776298]
[0.256516,0.777201]
[0.257421,0.778103]
[0.258325,0.779005]
[0.259229,0.779906]
[0.260132,0.780807]
[0.261036,0.781707]
[0.261938,0.782607]
[0.26284,0.783507]
[0.263742,0.784406]
[0.264644,0.785305]
[0.265545,0.786204]
[0.266445,0.787102]
[0.267346,0.787999]
[0.268245,0.788897]
[0.269145,0.789793]
[0.270044,0.79069]
[0.270942,0.791586]
[0.27184,0.792481]
[0.272738,0.793376]
[0.273635,0.794271]
[0.274532,0.795166]
[0.275429,0.796059]
[0.276325,0.796953]
[0.277221,0.797846]
[0.278116,0.798739]
[0.279011,0.799631]
[0.279905,0.800523]
[0.280799,0.801414]
[0.281693,0.802305]
[0.282586,0.803196]
[0.283478,0.804086]
[0.284371,0.804976]
[0.285263,0.805865]
[0.286154,0.806754]
[0.287045,0.807643]
[0.287936,0.808531]
[0.288826,0.809419]
[0.289716,0.810306]
[0.290605,0.811193]
[0.291494,0.812079]
[0.292383,0.812965]
[0.293271,0.813851]
[0.294159,0.814736]
[0.295046,0.815621]
[0.295933,0.816505]
[0.296819,0.817389]
[0.297705,0.818273]
[0.298591,0.819156]
[0.299476,0.820039]
[0.300361,0.820921]
[0.301245,0.821803]
[0.302129,0.822684]
[0.303013,0.823565]
[0.303896,0.824446]
[0.304779,0.825326]
[0.305661,0.826206]
[0.306543,0.827085]
[0.307424,0.827964]
[0.308305,0.828843]
[0.309186,0.829721]
[0.310066,0.830599]
[0.310945,0.831476]
[0.311825,0.832353]
[0.312704,0.833229]
[0.313582,0.834105]
[0.31446,0.834981]
[0.315338,0.835856]
[0.316215,0.83673]
[0.317092,0.837605]
[0.317968,0.838479]
[0.318844,0.839352]
[0.319719,0.840225]
[0.320594,0.841098]
[0.321469,0.84197]
[0.322343,0.842842]
[0.323217,0.843713]
[0.32409,0.844584]
[0.324963,0.845454]
[0.325836,0.846324]
[0.326708,0.847194]
[0.327579,0.848063]
[0.328451,0.848932]
[0.329321,0.849801]
[0.330192,0.850668]
[0.331062,0.851536]
[0.331931,0.852403]
[0.3328,0.85327]
[0.333669,0.854136]
[0.334537,0.855002]
[0.335405,0.855867]
[0.336272,0.856732]
[0.337139,0.857597]
[0.338006,0.858461]
[0.338872,0.859324]
[0.339738,0.860188]
[0.340603,0.86105]
[0.341468,0.861913]
[0.342332,0.862775]
[0.343196,0.863636]
[0.344059,0.864497]
[0.344922,0.865358]
[0.345785,0.866218]
[0.346647,0.867078]
[0.347509,0.867938]
[0.34837,0.868797]
[0.349231,0.869655]
[0.350092,0.870513]
[0.350952,0.871371]
[0.351811,0.872228]
[0.352671,0.873085]
[0.353529,0.873941]
[0.354388,0.874797]
[0.355245,0.875653]
[0.356103,0.876508]
[0.35696,0.877362]
[0.357816,0.878217]
[0.358673,0.87907]
[0.359528,0.879924]
[0.360384,0.880777]
[0.361238,0.881629]
[0.362093,0.882481]
[0.362947,0.883333]
[0.3638,0.884184]
[0.364653,0.885035]
[0.365506,0.885885]
[0.366358,0.886735]
[0.36721,0.887585]
[0.368061,0.888434]
[0.368912,0.889282]
[0.369763,0.89013]
[0.370613,0.890978]
[0.371463,0.891825]
[0.372312,0.892672]
[0.37316,0.893519]
[0.374009,0.894364]
[0.374857,0.89521]
[0.375704,0.896055]
[0.376551,0.8969]
[0.377398,0.897744]
[0.378244,0.898588]
[0.379089,0.899431]
[0.379935,0.900274]
[0.380779,0.901117]
[0.381624,0.901959]
[0.382468,0.9028]
[0.383311,0.903641]
[0.384154,0.904482]
[0.384997,0.905322]
[0.385839,0.906162]
[0.38668,0.907002]
[0.387522,0.907841]
[0.388363,0.908679]
[0.389203,0.909517]
[0.390043,0.910355]
[0.390882,0.911192]
[0.391721,0.912029]
[0.39256,0.912865]
[0.393398,0.913701]
[0.394236,0.914536]
[0.395073,0.915371]
[0.39591,0.916206]
[0.396746,0.91704]
[0.397582,0.917874]
[0.398418,0.918707]
[0.399253,0.91954]
[0.400088,0.920372]
[0.400922,0.921204]
[0.401755,0.922035]
[0.402589,0.922866]
[0.403422,0.923697]
[0.404254,0.924527]
[0.405086,0.925357]
[0.405917,0.926186]
[0.406748,0.927015]
[0.407579,0.927843]
[0.408409,0.928671]
[0.409239,0.929499]
[0.410068,0.930326]
[0.410897,0.931152]
[0.411725,0.931978]
[0.412553,0.932804]
[0.413381,0.933629]
[0.414208,0.934454]
[0.415034,0.935278]
[0.415861,0.936102]
[0.416686,0.936926]
[0.417511,0.937749]
[0.418336,0.938571]
[0.419161,0.939394]
[0.419985,0.940215]
[0.420808,0.941036]
[0.421631,0.941857]
[0.422453,0.942677]
[0.423276,0.943497]
[0.424097,0.944317]
[0.424918,0.945136]
[0.425739,0.945954]
[0.426559,0.946772]
[0.427379,0.94759]
[0.428199,0.948407]
[0.429018,0.949224]
[0.429836,0.95004]
[0.430654,0.950856]
[0.431472,0.951671]
[0.432289,0.952486]
[0.433106,0.953301]
[0.433922,0.954115]
[0.434738,0.954928]
[0.435553,0.955741]
[0.436368,0.956554]
[0.437182,0.957366]
[0.437996,0.958178]
[0.43881,0.958989]
[0.439623,0.9598]
[0.440435,0.960611]
[0.441247,0.961421]
[0.442059,0.96223]
[0.44287,0.963039]
[0.443681,0.963848]
[0.444491,0.964656]
[0.445301,0.965464]
[0.446111,0.966271]
[0.44692,0.967078]
[0.447728,0.967884]
[0.448536,0.96869]
[0.449344,0.969495]
[0.450151,0.9703]
[0.450958,0.971105]
[0.451764,0.971909]
[0.45257,0.972712]
[0.453375,0.973516]
[0.45418,0.974318]
[0.454984,0.97512]
[0.455788,0.975922]
[0.456591,0.976724]
[0.457394,0.977524]
[0.458197,0.978325]
[0.458999,0.979125]
[0.459801,0.979924]
[0.460602,0.980723]
[0.461403,0.981522]
[0.462203,0.98232]
[0.463003,0.983118]
[0.463802,0.983915]
[0.464601,0.984711]
[0.465399,0.985508]
[0.466197,0.986304]
[0.466995,0.987099]
[0.467792,0.987894]
[0.468588,0.988688]
[0.469384,0.989482]
[0.47018,0.990276]
[0.470975,0.991069]
[0.47177,0.991861]
[0.472564,0.992653]
[0.473358,0.993445]
[0.474151,0.994236]
[0.474944,0.995027]
[0.475737,0.995817]
[0.476528,0.996607]
[0.47732,0.997396]
[0.478111,0.998185]
[0.478901,0.998974]
[0.479692,0.999762]
[0.480481,1.00055]
[0.48127,1.00134]
[0.482059,1.00212]
[0.482847,1.00291]
[0.483635,1.00369]
[0.484422,1.00448]
[0.485209,1.00526]
[0.485995,1.00605]
[0.486781,1.00683]
[0.487567,1.00762]
[0.488352,1.0084]
[0.489136,1.00918]
[0.48992,1.00996]
[0.490704,1.01074]
[0.491487,1.01153]
[0.492269,1.01231]
[0.493052,1.01309]
[0.493833,1.01387]
[0.494615,1.01464]
[0.495395,1.01542]
[0.496176,1.0162]
[0.496955,1.01698]
[0.497735,1.01776]
[0.498514,1.01853]
[0.499292,1.01931]
[0.50007,1.02009]
[0.500847,1.02086]
[0.501624,1.02164]
[0.502401,1.02241]
[0.503177,1.02318]
[0.503953,1.02396]
[0.504728,1.02473]
[0.505502,1.0255]
[0.506276,1.02628]
[0.50705,1.02705]
[0.507823,1.02782]
[0.508596,1.02859]
[0.509368,1.02936]
[0.51014,1.03013]
[0.510911,1.0309]
[0.511682,1.03167]
[0.512453,1.03244]
[0.513223,1.0332]
[0.513992,1.03397]
[0.514761,1.03474]
[0.51553,1.0355]
[0.516298,1.03627]
[0.517065,1.03704]
[0.517832,1.0378]
[0.518599,1.03857]
[0.519365,1.03933]
[0.520131,1.04009]
[0.520896,1.04086]
[0.52166,1.04162]
[0.522425,1.04238]
[0.523188,1.04314]
[0.523952,1.0439]
[0.524714,1.04466]
[0.525477,1.04542]
[0.526239,1.04618]
[0.527,1.04694]
[0.527761,1.0477]
[0.528521,1.04846]
[0.529281,1.04922]
[0.530041,1.04998]
[0.5308,1.05073]
[0.531558,1.05149]
[0.532316,1.05225]
[0.533074,1.053]
[0.533831,1.05376]
[0.534587,1.05451]
[0.535343,1.05527]
[0.536099,1.05602]
[0.536854,1.05677]
[0.537609,1.05752]
[0.538363,1.05828]
[0.539117,1.05903]
[0.53987,1.05978]
[0.540623,1.06053]
[0.541375,1.06128]
[0.542127,1.06203]
[0.542878,1.06278]
[0.543629,1.06353]
[0.544379,1.06428]
[0.545129,1.06502]
[0.545878,1.06577]
[0.546627,1.06652]
[0.547376,1.06727]
[0.548123,1.06801]
[0.548871,1.06876]
[0.549618,1.0695]
[0.550364,1.07025]
[0.55111,1.07099]
[0.551856,1.07173]
[0.552601,1.07248]
[0.553345,1.07322]
[0.554089,1.07396]
[0.554833,1.0747]
[0.555576,1.07544]
[0.556319,1.07618]
[0.557061,1.07692]
[0.557802,1.07766]
[0.558544,1.0784]
[0.559284,1.07914]
[0.560024,1.07988]
[0.560764,1.08062]
[0.561503,1.08136]
[0.562242,1.08209]
[0.56298,1.08283]
[0.563718,1.08356]
[0.564455,1.0843]
[0.565192,1.08503]
[0.565928,1.08577]
[0.566664,1.0865]
[0.567399,1.08724]
[0.568134,1.08797]
[0.568868,1.0887]
[0.569602,1.08943]
[0.570336,1.09016]
[0.571068,1.0909]
[0.571801,1.09163]
[0.572533,1.09236]
[0.573264,1.09309]
[0.573995,1.09381]
[0.574725,1.09454]
[0.575455,1.09527]
[0.576185,1.096]
[0.576914,1.09673]
[0.577642,1.09745]
[0.57837,1.09818]
[0.579098,1.0989]
[0.579825,1.09963]
[0.580551,1.10035]
[0.581277,1.10108]
[0.582003,1.1018]
[0.582728,1.10252]
[0.583452,1.10325]
[0.584176,1.10397]
[0.5849,1.10469]
[0.585623,1.10541]
[0.586345,1.10613]
[0.587067,1.10685]
[0.587789,1.10757]
[0.58851,1.10829]
[0.58923,1.10901]
[0.58995,1.10973]
[0.59067,1.11044]
[0.591389,1.11116]
[0.592108,1.11188]
[0.592826,1.11259]
[0.593543,1.11331]
[0.594261,1.11403]
[0.594977,1.11474]
[0.595693,1.11545]
[0.596409,1.11617]
[0.597124,1.11688]
[0.597839,1.11759]
[0.598553,1.11831]
[0.599266,1.11902]
[0.59998,1.11973]
[0.600692,1.12044]
[0.601404,1.12115]
[0.602116,1.12186]
[0.602827,1.12257]
[0.603538,1.12328]
[0.604248,1.12399]
[0.604958,1.12469]
[0.605667,1.1254]
[0.606375,1.12611]
[0.607084,1.12681]
[0.607791,1.12752]
[0.608498,1.12823]
[0.609205,1.12893]
[0.609911,1.12963]
[0.610617,1.13034]
[0.611322,1.13104]
[0.612027,1.13174]
[0.612731,1.13245]
[0.613434,1.13315]
[0.614138,1.13385]
[0.61484,1.13455]
[0.615542,1.13525]
[0.616244,1.13595]
[0.616945,1.13665]
[0.617646,1.13735]
[0.618346,1.13805]
[0.619046,1.13874]
[0.619745,1.13944]
[0.620443,1.14014]
[0.621142,1.14083]
[0.621839,1.14153]
[0.622536,1.14223]
[0.623233,1.14292]
[0.623929,1.14361]
[0.624625,1.14431]
[0.62532,1.145]
[0.626014,1.14569]
[0.626708,1.14639]
[0.627402,1.14708]
[0.628095,1.14777]
[0.628788,1.14846]
[0.62948,1.14915]
[0.630171,1.14984]
[0.630863,1.15053]
[0.631553,1.15122]
[0.632243,1.15191]
[0.632933,1.15259]
[0.633622,1.15328]
[0.63431,1.15397]
[0.634998,1.15465]
[0.635686,1.15534]
[0.636373,1.15603]
[0.637059,1.15671]
[0.637745,1.15739]
[0.638431,1.15808]
[0.639116,1.15876]
[0.6398,1.15944]
[0.640484,1.16013]
[0.641168,1.16081]
[0.641851,1.16149]
[0.642533,1.16217]
[0.643215,1.16285]
[0.643897,1.16353]
[0.644578,1.16421]
[0.645258,1.16489]
[0.645938,1.16556]
[0.646617,1.16624]
[0.647296,1.16692]
[0.647974,1.1676]
[0.648652,1.16827]
[0.64933,1.16895]
[0.650007,1.16962]
[0.650683,1.1703]
[0.651359,1.17097]
[0.652034,1.17164]
[0.652709,1.17232]
[0.653383,1.17299]
[0.654057,1.17366]
[0.65473,1.17433]
[0.655403,1.175]
[0.656075,1.17567]
[0.656747,1.17634]
[0.657418,1.17701]
[0.658089,1.17768]
[0.658759,1.17835]
[0.659429,1.17902]
[0.660098,1.17969]
[0.660766,1.18035]
[0.661434,1.18102]
[0.662102,1.18169]
[0.662769,1.18235]
[0.663436,1.18302]
[0.664102,1.18368]
[0.664767,1.18434]
[0.665432,1.18501]
[0.666097,1.18567]
[0.666761,1.18633]
[0.667424,1.18699]
[0.668087,1.18765]
[0.66875,1.18831]
[0.669412,1.18897]
[0.670073,1.18963]
[0.670734,1.19029]
[0.671394,1.19095]
[0.672054,1.19161]
[0.672714,1.19227]
[0.673372,1.19292]
[0.674031,1.19358]
[0.674689,1.19424]
[0.675346,1.19489]
[0.676003,1.19555]
[0.676659,1.1962]
[0.677315,1.19686]
[0.67797,1.19751]
[0.678624,1.19816]
[0.679279,1.19882]
[0.679932,1.19947]
[0.680585,1.20012]
[0.681238,1.20077]
[0.68189,1.20142]
[0.682542,1.20207]
[0.683193,1.20272]
[0.683843,1.20337]
[0.684493,1.20402]
[0.685143,1.20466]
[0.685792,1.20531]
[0.68644,1.20596]
[0.687088,1.2066]
[0.687735,1.20725]
[0.688382,1.20789]
[0.689029,1.20854]
[0.689674,1.20918]
[0.69032,1.20983]
[0.690964,1.21047]
[0.691609,1.21111]
[0.692252,1.21175]
[0.692896,1.21239]
[0.693538,1.21304]
[0.69418,1.21368]
[0.694822,1.21432]
[0.695463,1.21496]
[0.696104,1.21559]
[0.696744,1.21623]
[0.697383,1.21687]
[0.698022,1.21751]
[0.698661,1.21814]
[0.699299,1.21878]
[0.699936,1.21942]
[0.700573,1.22005]
[0.70121,1.22069]
[0.701845,1.22132]
[0.702481,1.22195]
[0.703116,1.22259]
[0.70375,1.22322]
[0.704384,1.22385]
[0.705017,1.22448]
[0.70565,1.22511]
[0.706282,1.22574]
[0.706913,1.22637]
[0.707544,1.227]
[0.708175,1.22763]
[0.708805,1.22826]
[0.709435,1.22889]
[0.710064,1.22952]
[0.710692,1.23014]
[0.71132,1.23077]
[0.711948,1.23139]
[0.712574,1.23202]
[0.713201,1.23264]
[0.713827,1.23327]
[0.714452,1.23389]
[0.715077,1.23451]
[0.715701,1.23514]
[0.716325,1.23576]
[0.716948,1.23638]
[0.71757,1.237]
[0.718193,1.23762]
[0.718814,1.23824]
[0.719435,1.23886]
[0.720056,1.23948]
[0.720676,1.2401]
[0.721295,1.24072]
[0.721914,1.24133]
[0.722533,1.24195]
[0.72315,1.24257]
[0.723768,1.24318]
[0.724384,1.2438]
[0.725001,1.24441]
[0.725616,1.24503]
[0.726232,1.24564]
[0.726846,1.24625]
[0.72746,1.24686]
[0.728074,1.24748]
[0.728687,1.24809]
[0.7293,1.2487]
[0.729912,1.24931]
[0.730523,1.24992]
[0.731134,1.25053]
[0.731744,1.25114]
[0.732354,1.25174]
[0.732964,1.25235]
[0.733572,1.25296]
[0.734181,1.25357]
[0.734788,1.25417]
[0.735396,1.25478]
[0.736002,1.25538]
[0.736608,1.25599]
[0.737214,1.25659]
[0.737819,1.25719]
[0.738423,1.2578]
[0.739027,1.2584]
[0.739631,1.259]
[0.740234,1.2596]
[0.740836,1.2602]
[0.741438,1.2608]
[0.742039,1.2614]
[0.74264,1.262]
[0.74324,1.2626]
[0.74384,1.2632]
[0.744439,1.2638]
[0.745037,1.26439]
[0.745635,1.26499]
[0.746233,1.26558]
[0.74683,1.26618]
[0.747426,1.26677]
[0.748022,1.26737]
[0.748618,1.26796]
[0.749212,1.26856]
[0.749807,1.26915]
[0.7504,1.26974]
[0.750993,1.27033]
[0.751586,1.27092]
[0.752178,1.27151]
[0.75277,1.2721]
[0.753361,1.27269]
[0.753951,1.27328]
[0.754541,1.27387]
[0.755131,1.27446]
[0.755719,1.27504]
[0.756308,1.27563]
[0.756895,1.27622]
[0.757483,1.2768]
[0.758069,1.27739]
[0.758656,1.27797]
[0.759241,1.27856]
[0.759826,1.27914]
[0.760411,1.27972]
[0.760995,1.2803]
[0.761578,1.28089]
[0.762161,1.28147]
[0.762743,1.28205]
[0.763325,1.28263]
[0.763906,1.28321]
[0.764487,1.28379]
[0.765067,1.28436]
[0.765647,1.28494]
[0.766226,1.28552]
[0.766804,1.2861]
[0.767382,1.28667]
[0.76796,1.28725]
[0.768537,1.28782]
[0.769113,1.2884]
[0.769689,1.28897]
[0.770264,1.28955]
[0.770839,1.29012]
[0.771413,1.29069]
[0.771986,1.29126]
[0.772559,1.29184]
[0.773132,1.29241]
[0.773704,1.29298]
[0.774275,1.29355]
[0.774846,1.29412]
[0.775416,1.29468]
[0.775986,1.29525]
[0.776555,1.29582]
[0.777124,1.29639]
[0.777692,1.29695]
[0.77826,1.29752]
[0.778827,1.29808]
[0.779393,1.29865]
[0.779959,1.29921]
[0.780525,1.29978]
[0.781089,1.30034]
[0.781654,1.3009]
[0.782217,1.30147]
[0.782781,1.30203]
[0.783343,1.30259]
[0.783905,1.30315]
[0.784467,1.30371]
[0.785028,1.30427]
[0.785588,1.30483]
[0.786148,1.30538]
[0.786707,1.30594]
[0.787266,1.3065]
[0.787824,1.30706]
[0.788382,1.30761]
[0.788939,1.30817]
[0.789496,1.30872]
[0.790052,1.30928]
[0.790607,1.30983]
[0.791162,1.31038]
[0.791716,1.31094]
[0.79227,1.31149]
[0.792823,1.31204]
[0.793376,1.31259]
[0.793928,1.31314]
[0.79448,1.31369]
[0.795031,1.31424]
[0.795581,1.31479]
[0.796131,1.31534]
[0.796681,1.31589]
[0.797229,1.31643]
[0.797778,1.31698]
[0.798325,1.31753]
[0.798872,1.31807]
[0.799419,1.31862]
[0.799965,1.31916]
[0.80051,1.31971]
[0.801055,1.32025]
[0.8016,1.32079]
[0.802144,1.32133]
[0.802687,1.32188]
[0.80323,1.32242]
[0.803772,1.32296]
[0.804313,1.3235]
[0.804854,1.32404]
[0.805395,1.32458]
[0.805935,1.32511]
[0.806474,1.32565]
[0.807013,1.32619]
[0.807551,1.32672]
[0.808089,1.32726]
[0.808626,1.3278]
[0.809162,1.32833]
[0.809698,1.32887]
[0.810234,1.3294]
[0.810769,1.32993]
[0.811303,1.33047]
[0.811837,1.331]
[0.81237,1.33153]
[0.812903,1.33206]
[0.813435,1.33259]
[0.813966,1.33312]
[0.814497,1.33365]
[0.815028,1.33418]
[0.815557,1.33471]
[0.816087,1.33524]
[0.816615,1.33576]
[0.817144,1.33629]
[0.817671,1.33681]
[0.818198,1.33734]
[0.818725,1.33787]
[0.819251,1.33839]
[0.819776,1.33891]
[0.820301,1.33944]
[0.820825,1.33996]
[0.821349,1.34048]
[0.821872,1.341]
[0.822394,1.34152]
[0.822916,1.34204]
[0.823438,1.34256]
[0.823959,1.34308]
[0.824479,1.3436]
[0.824999,1.34412]
[0.825518,1.34464]
[0.826036,1.34515]
[0.826554,1.34567]
[0.827072,1.34619]
[0.827589,1.3467]
[0.828105,1.34722]
[0.828621,1.34773]
[0.829136,1.34825]
[0.829651,1.34876]
[0.830165,1.34927]
[0.830679,1.34978]
[0.831191,1.35029]
[0.831704,1.3508]
[0.832216,1.35132]
[0.832727,1.35182]
[0.833238,1.35233]
[0.833748,1.35284]
[0.834257,1.35335]
[0.834766,1.35386]
[0.835275,1.35436]
[0.835783,1.35487]
[0.83629,1.35538]
[0.836797,1.35588]
[0.837303,1.35639]
[0.837808,1.35689]
[0.838313,1.35739]
[0.838818,1.3579]
[0.839322,1.3584]
[0.839825,1.3589]
[0.840328,1.3594]
[0.84083,1.3599]
[0.841332,1.3604]
[0.841833,1.3609]
[0.842333,1.3614]
[0.842833,1.3619]
[0.843333,1.3624]
[0.843831,1.3629]
[0.844329,1.36339]
[0.844826,1.36389]
[0.845322,1.36438]
[0.845818,1.36488]
[0.846314,1.36538]
[0.846809,1.36587]
[0.847303,1.36636]
[0.847797,1.36686]
[0.84829,1.36735]
[0.848782,1.36784]
[0.849274,1.36833]
[0.849766,1.36882]
[0.850257,1.36931]
[0.850747,1.3698]
[0.851237,1.37029]
[0.851726,1.37078]
[0.852214,1.37127]
[0.852702,1.37176]
[0.85319,1.37224]
[0.853677,1.37273]
[0.854163,1.37322]
[0.854649,1.3737]
[0.855134,1.37419]
[0.855618,1.37467]
